39 94 11 91 92 97 10 64 49 11 7 22 93 42 6 49 90 26 49 66 58 32 43 38 37 92 70 36 16 61 56 23 80 67 28 66 57 21 40 21 48 32 38 7 12 32 48 92 81 14 37 53 78 53 32 73 80 37 2 94 61 37 35 80 2 4 40 34 25 70 52 75 40 31 4 35 26 16 53 90 29 29 68 87 84 48 99 13 33 32 3 18 43 84 88 77 42 88 48 58 
7 76 36 43 34 96 3 65 53 72 73 67 51 53 35 19 56 68 19 19 75 37 50 73 33 14 8 33 60 57 36 7 56 71 89 61 8 95 24 30 20 47 67 8 90 41 82 71 23 24 39 74 75 28 39 94 80 3 87 61 82 62 44 20 35 87 75 60 97 81 71 38 32 49 32 85 18 73 40 3 52 34 76 23 3 65 54 26 78 96 56 97 94 3 96 50 20 89 61 60 
97 16 72 0 4 85 32 62 3 37 31 88 59 9 50 29 18 57 95 85 33 99 81 64 43 60 3 52 99 35 89 39 1 85 71 5 32 33 67 57 38 73 57 2 5 29 17 17 76 22 85 30 97 53 64 79 6 33 30 59 73 23 29 98 96 52 99 16 89 32 77 21 14 5 43 28 60 2 37 99 30 37 34 26 60 67 78 17 85 2 97 7 17 11 62 64 63 30 77 34 
89 22 33 52 84 37 1 27 75 40 37 46 23 87 36 80 0 43 99 75 14 64 40 75 19 61 0 19 12 81 9 71 67 39 17 11 22 90 95 30 43 83 19 87 31 10 40 36 1 55 7 8 53 93 83 83 48 95 95 35 49 83 19 74 24 55 39 81 74 98 8 78 70 75 17 73 23 24 13 20 57 70 49 61 89 86 69 24 47 39 98 45 5 95 55 3 50 39 16 70 
8 14 78 83 7 20 36 81 62 32 77 22 78 91 11 6 38 20 63 34 40 48 2 37 41 28 44 55 72 25 3 12 87 39 95 0 50 90 83 10 4 81 6 46 48 20 15 66 44 49 81 53 27 9 99 54 48 72 40 38 66 82 22 25 35 87 68 57 4 26 40 85 6 41 29 1 65 24 18 61 16 19 95 27 21 12 53 1 74 2 77 63 85 42 67 89 40 92 29 92 
56 62 17 54 79 23 58 3 3 67 48 32 53 80 25 15 82 8 96 37 32 6 16 51 60 70 68 77 50 33 25 10 35 68 35 88 67 27 93 43 85 49 36 79 15 10 82 47 8 17 64 79 29 56 64 62 99 64 23 80 74 73 94 66 47 78 14 84 74 97 90 85 40 98 52 89 62 92 96 91 81 23 28 35 65 72 87 31 91 54 0 19 84 26 58 45 14 94 10 93 
33 29 20 3 78 78 62 43 11 65 81 61 60 42 65 36 4 90 67 34 67 35 73 34 78 83 26 18 99 46 18 28 3 99 44 6 22 85 43 45 9 79 74 6 13 23 87 6 71 30 73 20 71 34 16 24 18 24 26 87 11 68 36 56 41 35 74 49 69 11 71 90 65 37 63 52 25 12 10 90 85 92 29 13 24 45 75 46 91 73 41 32 5 23 94 34 93 45 10 26 
97 49 57 94 14 55 23 35 51 58 49 60 27 92 11 76 61 27 64 47 50 70 73 38 9 75 65 45 10 54 72 69 29 25 55 70 52 65 16 27 32 73 62 43 3 62 47 46 58 72 36 32 70 39 8 69 4 16 21 30 93 0 63 23 65 28 15 82 7 47 24 7 14 34 39 56 19 51 52 38 71 68 42 97 59 20 55 56 77 9 70 85 44 40 77 0 50 51 94 21 
32 34 12 31 27 19 41 42 75 53 63 1 1 7 44 25 17 33 10 44 92 48 59 29 94 11 60 59 7 12 84 68 10 36 72 28 75 70 32 34 93 82 68 30 95 41 32 60 9 82 53 12 61 25 69 11 31 31 41 29 4 1 81 63 50 82 7 2 40 62 12 56 31 32 7 26 10 58 39 4 58 88 15 53 41 94 88 62 76 74 40 13 22 5 16 64 22 48 47 28 
41 67 34 0 69 24 78 58 62 64 5 45 81 27 61 91 95 42 27 36 91 4 2 53 92 82 21 16 18 95 47 26 71 38 69 12 67 99 35 94 3 11 22 33 73 64 41 11 53 68 47 44 62 57 37 59 23 41 29 78 16 35 90 42 88 6 40 42 64 48 46 5 90 29 70 50 6 1 93 48 29 23 84 54 56 40 66 76 31 8 44 39 26 23 37 38 18 82 29 41 
33 15 39 58 4 30 77 6 73 86 21 45 24 72 70 29 77 73 97 12 86 90 61 36 55 67 55 74 31 52 50 50 41 24 66 30 7 91 7 37 57 87 53 83 45 9 9 58 21 88 22 46 6 30 13 68 0 91 62 55 10 59 24 37 48 83 95 41 2 50 91 36 74 20 96 21 48 99 68 84 81 34 53 99 18 38 0 88 27 67 28 93 48 83 7 21 10 17 13 14 
9 16 35 51 0 49 19 56 98 3 24 8 44 9 89 2 95 85 93 43 23 87 14 3 48 0 58 18 80 96 98 81 89 98 9 57 72 22 38 92 38 79 90 57 58 91 15 88 56 11 2 34 72 55 28 46 62 86 75 33 69 42 44 16 81 98 22 51 21 99 57 76 92 89 75 12 0 10 3 69 61 88 1 89 55 23 2 85 82 85 88 26 17 57 32 32 69 54 21 89 
76 29 68 92 25 55 34 49 41 12 45 60 18 53 39 23 79 96 87 29 49 37 66 49 93 95 97 16 86 5 88 82 55 34 14 1 16 71 86 63 13 55 85 53 12 8 32 45 13 56 21 58 46 82 81 44 96 22 29 61 35 50 73 66 44 59 92 39 53 24 54 10 45 49 86 13 74 22 68 18 87 5 58 91 2 25 77 14 14 24 34 74 72 59 33 70 87 97 18 77 
73 70 63 68 92 85 2 80 13 27 2 99 27 25 43 24 23 72 61 81 3 32 5 93 25 31 92 42 22 86 64 0 87 60 13 74 70 70 35 33 11 60 96 67 85 50 40 94 95 24 19 25 76 94 58 2 71 66 78 93 51 84 18 64 19 52 0 87 60 26 10 57 70 15 76 27 43 58 64 9 82 86 65 87 77 74 25 27 29 28 23 20 2 62 23 96 37 61 95 25 
64 60 2 16 30 26 11 71 11 47 53 20 90 24 88 63 40 51 62 29 0 13 58 78 65 7 77 0 58 39 3 60 57 24 77 8 13 87 1 50 60 28 93 84 5 40 11 4 35 56 72 50 23 85 56 16 26 57 26 57 37 71 69 61 96 22 17 12 17 96 85 41 23 29 29 65 59 32 96 55 53 62 84 34 54 72 57 69 32 63 7 83 11 35 67 48 75 38 23 42 
54 11 41 75 59 25 21 70 26 34 5 83 50 98 79 1 93 34 37 34 56 93 76 5 62 48 81 0 13 41 55 55 42 62 11 77 24 78 52 43 96 73 40 13 75 72 18 10 17 32 12 95 69 31 40 88 85 90 97 89 90 45 53 14 51 40 44 58 35 59 92 5 64 81 3 29 75 8 92 97 49 56 61 27 67 41 29 40 13 74 1 77 15 83 13 92 24 1 92 59 
70 28 27 84 75 86 98 70 87 47 4 3 21 63 6 63 10 71 89 40 64 42 19 13 91 4 18 32 50 5 75 39 3 22 98 47 84 48 71 64 13 75 45 12 46 78 69 62 19 85 89 44 65 40 45 8 18 70 1 23 32 72 52 87 70 63 1 3 23 27 0 69 15 65 28 43 47 88 43 37 9 63 49 81 88 42 8 60 21 58 54 88 46 90 49 43 30 20 48 67 
36 83 35 26 85 38 53 29 24 48 23 59 57 66 44 55 18 26 11 25 55 1 49 96 84 15 64 42 75 13 42 96 48 72 26 6 73 29 4 5 26 12 75 93 65 36 36 41 14 94 56 52 36 38 82 55 15 31 30 41 25 11 37 86 90 50 62 34 93 53 16 52 8 62 33 54 3 34 3 56 48 24 17 13 9 28 0 80 18 58 50 55 61 64 3 76 43 9 2 61 
41 67 34 0 69 24 78 58 62 64 5 45 81 27 61 91 95 42 27 36 91 4 2 53 92 82 21 16 18 95 47 26 71 38 69 12 67 99 35 94 3 11 22 33 73 64 41 11 53 68 47 44 62 57 37 59 23 41 29 78 16 35 90 42 88 6 40 42 64 48 46 5 90 29 70 50 6 1 93 48 29 23 84 54 56 40 66 76 31 8 44 39 26 23 37 38 18 82 29 41 
33 15 39 58 4 30 77 6 73 86 21 45 24 72 70 29 77 73 97 12 86 90 61 36 55 67 55 74 31 52 50 50 41 24 66 30 7 91 7 37 57 87 53 83 45 9 9 58 21 88 22 46 6 30 13 68 0 91 62 55 10 59 24 37 48 83 95 41 2 50 91 36 74 20 96 21 48 99 68 84 81 34 53 99 18 38 0 88 27 67 28 93 48 83 7 21 10 17 13 14 
9 16 35 51 0 49 19 56 98 3 24 8 44 9 89 2 95 85 93 43 23 87 14 3 48 0 58 18 80 96 98 81 89 98 9 57 72 22 38 92 38 79 90 57 58 91 15 88 56 11 2 34 72 55 28 46 62 86 75 33 69 42 44 16 81 98 22 51 21 99 57 76 92 89 75 12 0 10 3 69 61 88 1 89 55 23 2 85 82 85 88 26 17 57 32 32 69 54 21 89 
76 29 68 92 25 55 34 49 41 12 45 60 18 53 39 23 79 96 87 29 49 37 66 49 93 95 97 16 86 5 88 82 55 34 14 1 16 71 86 63 13 55 85 53 12 8 32 45 13 56 21 58 46 82 81 44 96 22 29 61 35 50 73 66 44 59 92 39 53 24 54 10 45 49 86 13 74 22 68 18 87 5 58 91 2 25 77 14 14 24 34 74 72 59 33 70 87 97 18 77 
73 70 63 68 92 85 2 80 13 27 2 99 27 25 43 24 23 72 61 81 3 32 5 93 25 31 92 42 22 86 64 0 87 60 13 74 70 70 35 33 11 60 96 67 85 50 40 94 95 24 19 25 76 94 58 2 71 66 78 93 51 84 18 64 19 52 0 87 60 26 10 57 70 15 76 27 43 58 64 9 82 86 65 87 77 74 25 27 29 28 23 20 2 62 23 96 37 61 95 25 
64 60 2 16 30 26 11 71 11 47 53 20 90 24 88 63 40 51 62 29 0 13 58 78 65 7 77 0 58 39 3 60 57 24 77 8 13 87 1 50 60 28 93 84 5 40 11 4 35 56 72 50 23 85 56 16 26 57 26 57 37 71 69 61 96 22 17 12 17 96 85 41 23 29 29 65 59 32 96 55 53 62 84 34 54 72 57 69 32 63 7 83 11 35 67 48 75 38 23 42 
54 11 41 75 59 25 21 70 26 34 5 83 50 98 79 1 93 34 37 34 56 93 76 5 62 48 81 0 13 41 55 55 42 62 11 77 24 78 52 43 96 73 40 13 75 72 18 10 17 32 12 95 69 31 40 88 85 90 97 89 90 45 53 14 51 40 44 58 35 59 92 5 64 81 3 29 75 8 92 97 49 56 61 27 67 41 29 40 13 74 1 77 15 83 13 92 24 1 92 59 
70 28 27 84 75 86 98 70 87 47 4 3 21 63 6 63 10 71 89 40 64 42 19 13 91 4 18 32 50 5 75 39 3 22 98 47 84 48 71 64 13 75 45 12 46 78 69 62 19 85 89 44 65 40 45 8 18 70 1 23 32 72 52 87 70 63 1 3 23 27 0 69 15 65 28 43 47 88 43 37 9 63 49 81 88 42 8 60 21 58 54 88 46 90 49 43 30 20 48 67 
36 83 35 26 85 38 53 29 24 48 23 59 57 66 44 55 18 26 11 25 55 1 49 96 84 15 64 42 75 13 42 96 48 72 26 6 73 29 4 5 26 12 75 93 65 36 36 41 14 94 56 52 36 38 82 55 15 31 30 41 25 11 37 86 90 50 62 34 93 53 16 52 8 62 33 54 3 34 3 56 48 24 17 13 9 28 0 80 18 58 50 55 61 64 3 76 43 9 2 61 
41 67 34 0 69 24 78 58 62 64 5 45 81 27 61 91 95 42 27 36 91 4 2 53 92 82 21 16 18 95 47 26 71 38 69 12 67 99 35 94 3 11 22 33 73 64 41 11 53 68 47 44 62 57 37 59 23 41 29 78 16 35 90 42 88 6 40 42 64 48 46 5 90 29 70 50 6 1 93 48 29 23 84 54 56 40 66 76 31 8 44 39 26 23 37 38 18 82 29 41 
33 15 39 58 4 30 77 6 73 86 21 45 24 72 70 29 77 73 97 12 86 90 61 36 55 67 55 74 31 52 50 50 41 24 66 30 7 91 7 37 57 87 53 83 45 9 9 58 21 88 22 46 6 30 13 68 0 91 62 55 10 59 24 37 48 83 95 41 2 50 91 36 74 20 96 21 48 99 68 84 81 34 53 99 18 38 0 88 27 67 28 93 48 83 7 21 10 17 13 14 
9 16 35 51 0 49 19 56 98 3 24 8 44 9 89 2 95 85 93 43 23 87 14 3 48 0 58 18 80 96 98 81 89 98 9 57 72 22 38 92 38 79 90 57 58 91 15 88 56 11 2 34 72 55 28 46 62 86 75 33 69 42 44 16 81 98 22 51 21 99 57 76 92 89 75 12 0 10 3 69 61 88 1 89 55 23 2 85 82 85 88 26 17 57 32 32 69 54 21 89 
76 29 68 92 25 55 34 49 41 12 45 60 18 53 39 23 79 96 87 29 49 37 66 49 93 95 97 16 86 5 88 82 55 34 14 1 16 71 86 63 13 55 85 53 12 8 32 45 13 56 21 58 46 82 81 44 96 22 29 61 35 50 73 66 44 59 92 39 53 24 54 10 45 49 86 13 74 22 68 18 87 5 58 91 2 25 77 14 14 24 34 74 72 59 33 70 87 97 18 77 
73 70 63 68 92 85 2 80 13 27 2 99 27 25 43 24 23 72 61 81 3 32 5 93 25 31 92 42 22 86 64 0 87 60 13 74 70 70 35 33 11 60 96 67 85 50 40 94 95 24 19 25 76 94 58 2 71 66 78 93 51 84 18 64 19 52 0 87 60 26 10 57 70 15 76 27 43 58 64 9 82 86 65 87 77 74 25 27 29 28 23 20 2 62 23 96 37 61 95 25 
64 60 2 16 30 26 11 71 11 47 53 20 90 24 88 63 40 51 62 29 0 13 58 78 65 7 77 0 58 39 3 60 57 24 77 8 13 87 1 50 60 28 93 84 5 40 11 4 35 56 72 50 23 85 56 16 26 57 26 57 37 71 69 61 96 22 17 12 17 96 85 41 23 29 29 65 59 32 96 55 53 62 84 34 54 72 57 69 32 63 7 83 11 35 67 48 75 38 23 42 
54 11 41 75 59 25 21 70 26 34 5 83 50 98 79 1 93 34 37 34 56 93 76 5 62 48 81 0 13 41 55 55 42 62 11 77 24 78 52 43 96 73 40 13 75 72 18 10 17 32 12 95 69 31 40 88 85 90 97 89 90 45 53 14 51 40 44 58 35 59 92 5 64 81 3 29 75 8 92 97 49 56 61 27 67 41 29 40 13 74 1 77 15 83 13 92 24 1 92 59 
70 28 27 84 75 86 98 70 87 47 4 3 21 63 6 63 10 71 89 40 64 42 19 13 91 4 18 32 50 5 75 39 3 22 98 47 84 48 71 64 13 75 45 12 46 78 69 62 19 85 89 44 65 40 45 8 18 70 1 23 32 72 52 87 70 63 1 3 23 27 0 69 15 65 28 43 47 88 43 37 9 63 49 81 88 42 8 60 21 58 54 88 46 90 49 43 30 20 48 67 
36 83 35 26 85 38 53 29 24 48 23 59 57 66 44 55 18 26 11 25 55 1 49 96 84 15 64 42 75 13 42 96 48 72 26 6 73 29 4 5 26 12 75 93 65 36 36 41 14 94 56 52 36 38 82 55 15 31 30 41 25 11 37 86 90 50 62 34 93 53 16 52 8 62 33 54 3 34 3 56 48 24 17 13 9 28 0 80 18 58 50 55 61 64 3 76 43 9 2 61 
41 67 34 0 69 24 78 58 62 64 5 45 81 27 61 91 95 42 27 36 91 4 2 53 92 82 21 16 18 95 47 26 71 38 69 12 67 99 35 94 3 11 22 33 73 64 41 11 53 68 47 44 62 57 37 59 23 41 29 78 16 35 90 42 88 6 40 42 64 48 46 5 90 29 70 50 6 1 93 48 29 23 84 54 56 40 66 76 31 8 44 39 26 23 37 38 18 82 29 41 
33 15 39 58 4 30 77 6 73 86 21 45 24 72 70 29 77 73 97 12 86 90 61 36 55 67 55 74 31 52 50 50 41 24 66 30 7 91 7 37 57 87 53 83 45 9 9 58 21 88 22 46 6 30 13 68 0 91 62 55 10 59 24 37 48 83 95 41 2 50 91 36 74 20 96 21 48 99 68 84 81 34 53 99 18 38 0 88 27 67 28 93 48 83 7 21 10 17 13 14 
9 16 35 51 0 49 19 56 98 3 24 8 44 9 89 2 95 85 93 43 23 87 14 3 48 0 58 18 80 96 98 81 89 98 9 57 72 22 38 92 38 79 90 57 58 91 15 88 56 11 2 34 72 55 28 46 62 86 75 33 69 42 44 16 81 98 22 51 21 99 57 76 92 89 75 12 0 10 3 69 61 88 1 89 55 23 2 85 82 85 88 26 17 57 32 32 69 54 21 89 
76 29 68 92 25 55 34 49 41 12 45 60 18 53 39 23 79 96 87 29 49 37 66 49 93 95 97 16 86 5 88 82 55 34 14 1 16 71 86 63 13 55 85 53 12 8 32 45 13 56 21 58 46 82 81 44 96 22 29 61 35 50 73 66 44 59 92 39 53 24 54 10 45 49 86 13 74 22 68 18 87 5 58 91 2 25 77 14 14 24 34 74 72 59 33 70 87 97 18 77 
73 70 63 68 92 85 2 80 13 27 2 99 27 25 43 24 23 72 61 81 3 32 5 93 25 31 92 42 22 86 64 0 87 60 13 74 70 70 35 33 11 60 96 67 85 50 40 94 95 24 19 25 76 94 58 2 71 66 78 93 51 84 18 64 19 52 0 87 60 26 10 57 70 15 76 27 43 58 64 9 82 86 65 87 77 74 25 27 29 28 23 20 2 62 23 96 37 61 95 25 
64 60 2 16 30 26 11 71 11 47 53 20 90 24 88 63 40 51 62 29 0 13 58 78 65 7 77 0 58 39 3 60 57 24 77 8 13 87 1 50 60 28 93 84 5 40 11 4 35 56 72 50 23 85 56 16 26 57 26 57 37 71 69 61 96 22 17 12 17 96 85 41 23 29 29 65 59 32 96 55 53 62 84 34 54 72 57 69 32 63 7 83 11 35 67 48 75 38 23 42 
54 11 41 75 59 25 21 70 26 34 5 83 50 98 79 1 93 34 37 34 56 93 76 5 62 48 81 0 13 41 55 55 42 62 11 77 24 78 52 43 96 73 40 13 75 72 18 10 17 32 12 95 69 31 40 88 85 90 97 89 90 45 53 14 51 40 44 58 35 59 92 5 64 81 3 29 75 8 92 97 49 56 61 27 67 41 29 40 13 74 1 77 15 83 13 92 24 1 92 59 
70 28 27 84 75 86 98 70 87 47 4 3 21 63 6 63 10 71 89 40 64 42 19 13 91 4 18 32 50 5 75 39 3 22 98 47 84 48 71 64 13 75 45 12 46 78 69 62 19 85 89 44 65 40 45 8 18 70 1 23 32 72 52 87 70 63 1 3 23 27 0 69 15 65 28 43 47 88 43 37 9 63 49 81 88 42 8 60 21 58 54 88 46 90 49 43 30 20 48 67 
41 67 34 0 69 24 78 58 62 64 5 45 81 27 61 91 95 42 27 36 91 4 2 53 92 82 21 16 18 95 47 26 71 38 69 12 67 99 35 94 3 11 22 33 73 64 41 11 53 68 47 44 62 57 37 59 23 41 29 78 16 35 90 42 88 6 40 42 64 48 46 5 90 29 70 50 6 1 93 48 29 23 84 54 56 40 66 76 31 8 44 39 26 23 37 38 18 82 29 41 
33 15 39 58 4 30 77 6 73 86 21 45 24 72 70 29 77 73 97 12 86 90 61 36 55 67 55 74 31 52 50 50 41 24 66 30 7 91 7 37 57 87 53 83 45 9 9 58 21 88 22 46 6 30 13 68 0 91 62 55 10 59 24 37 48 83 95 41 2 50 91 36 74 20 96 21 48 99 68 84 81 34 53 99 18 38 0 88 27 67 28 93 48 83 7 21 10 17 13 14 
9 16 35 51 0 49 19 56 98 3 24 8 44 9 89 2 95 85 93 43 23 87 14 3 48 0 58 18 80 96 98 81 89 98 9 57 72 22 38 92 38 79 90 57 58 91 15 88 56 11 2 34 72 55 28 46 62 86 75 33 69 42 44 16 81 98 22 51 21 99 57 76 92 89 75 12 0 10 3 69 61 88 1 89 55 23 2 85 82 85 88 26 17 57 32 32 69 54 21 89 
76 29 68 92 25 55 34 49 41 12 45 60 18 53 39 23 79 96 87 29 49 37 66 49 93 95 97 16 86 5 88 82 55 34 14 1 16 71 86 63 13 55 85 53 12 8 32 45 13 56 21 58 46 82 81 44 96 22 29 61 35 50 73 66 44 59 92 39 53 24 54 10 45 49 86 13 74 22 68 18 87 5 58 91 2 25 77 14 14 24 34 74 72 59 33 70 87 97 18 77 
73 70 63 68 92 85 2 80 13 27 2 99 27 25 43 24 23 72 61 81 3 32 5 93 25 31 92 42 22 86 64 0 87 60 13 74 70 70 35 33 11 60 96 67 85 50 40 94 95 24 19 25 76 94 58 2 71 66 78 93 51 84 18 64 19 52 0 87 60 26 10 57 70 15 76 27 43 58 64 9 82 86 65 87 77 74 25 27 29 28 23 20 2 62 23 96 37 61 95 25 
64 60 2 16 30 26 11 71 11 47 53 20 90 24 88 63 40 51 62 29 0 13 58 78 65 7 77 0 58 39 3 60 57 24 77 8 13 87 1 50 60 28 93 84 5 40 11 4 35 56 72 50 23 85 56 16 26 57 26 57 37 71 69 61 96 22 17 12 17 96 85 41 23 29 29 65 59 32 96 55 53 62 84 34 54 72 57 69 32 63 7 83 11 35 67 48 75 38 23 42 
54 11 41 75 59 25 21 70 26 34 5 83 50 98 79 1 93 34 37 34 56 93 76 5 62 48 81 0 13 41 55 55 42 62 11 77 24 78 52 43 96 73 40 13 75 72 18 10 17 32 12 95 69 31 40 88 85 90 97 89 90 45 53 14 51 40 44 58 35 59 92 5 64 81 3 29 75 8 92 97 49 56 61 27 67 41 29 40 13 74 1 77 15 83 13 92 24 1 92 59 
70 28 27 84 75 86 98 70 87 47 4 3 21 63 6 63 10 71 89 40 64 42 19 13 91 4 18 32 50 5 75 39 3 22 98 47 84 48 71 64 13 75 45 12 46 78 69 62 19 85 89 44 65 40 45 8 18 70 1 23 32 72 52 87 70 63 1 3 23 27 0 69 15 65 28 43 47 88 43 37 9 63 49 81 88 42 8 60 21 58 54 88 46 90 49 43 30 20 48 67 
41 67 34 0 69 24 78 58 62 64 5 45 81 27 61 91 95 42 27 36 91 4 2 53 92 82 21 16 18 95 47 26 71 38 69 12 67 99 35 94 3 11 22 33 73 64 41 11 53 68 47 44 62 57 37 59 23 41 29 78 16 35 90 42 88 6 40 42 64 48 46 5 90 29 70 50 6 1 93 48 29 23 84 54 56 40 66 76 31 8 44 39 26 23 37 38 18 82 29 41 
33 15 39 58 4 30 77 6 73 86 21 45 24 72 70 29 77 73 97 12 86 90 61 36 55 67 55 74 31 52 50 50 41 24 66 30 7 91 7 37 57 87 53 83 45 9 9 58 21 88 22 46 6 30 13 68 0 91 62 55 10 59 24 37 48 83 95 41 2 50 91 36 74 20 96 21 48 99 68 84 81 34 53 99 18 38 0 88 27 67 28 93 48 83 7 21 10 17 13 14 
9 16 35 51 0 49 19 56 98 3 24 8 44 9 89 2 95 85 93 43 23 87 14 3 48 0 58 18 80 96 98 81 89 98 9 57 72 22 38 92 38 79 90 57 58 91 15 88 56 11 2 34 72 55 28 46 62 86 75 33 69 42 44 16 81 98 22 51 21 99 57 76 92 89 75 12 0 10 3 69 61 88 1 89 55 23 2 85 82 85 88 26 17 57 32 32 69 54 21 89 
76 29 68 92 25 55 34 49 41 12 45 60 18 53 39 23 79 96 87 29 49 37 66 49 93 95 97 16 86 5 88 82 55 34 14 1 16 71 86 63 13 55 85 53 12 8 32 45 13 56 21 58 46 82 81 44 96 22 29 61 35 50 73 66 44 59 92 39 53 24 54 10 45 49 86 13 74 22 68 18 87 5 58 91 2 25 77 14 14 24 34 74 72 59 33 70 87 97 18 77 
73 70 63 68 92 85 2 80 13 27 2 99 27 25 43 24 23 72 61 81 3 32 5 93 25 31 92 42 22 86 64 0 87 60 13 74 70 70 35 33 11 60 96 67 85 50 40 94 95 24 19 25 76 94 58 2 71 66 78 93 51 84 18 64 19 52 0 87 60 26 10 57 70 15 76 27 43 58 64 9 82 86 65 87 77 74 25 27 29 28 23 20 2 62 23 96 37 61 95 25 
64 60 2 16 30 26 11 71 11 47 53 20 90 24 88 63 40 51 62 29 0 13 58 78 65 7 77 0 58 39 3 60 57 24 77 8 13 87 1 50 60 28 93 84 5 40 11 4 35 56 72 50 23 85 56 16 26 57 26 57 37 71 69 61 96 22 17 12 17 96 85 41 23 29 29 65 59 32 96 55 53 62 84 34 54 72 57 69 32 63 7 83 11 35 67 48 75 38 23 42 
54 11 41 75 59 25 21 70 26 34 5 83 50 98 79 1 93 34 37 34 56 93 76 5 62 48 81 0 13 41 55 55 42 62 11 77 24 78 52 43 96 73 40 13 75 72 18 10 17 32 12 95 69 31 40 88 85 90 97 89 90 45 53 14 51 40 44 58 35 59 92 5 64 81 3 29 75 8 92 97 49 56 61 27 67 41 29 40 13 74 1 77 15 83 13 92 24 1 92 59 
70 28 27 84 75 86 98 70 87 47 4 3 21 63 6 63 10 71 89 40 64 42 19 13 91 4 18 32 50 5 75 39 3 22 98 47 84 48 71 64 13 75 45 12 46 78 69 62 19 85 89 44 65 40 45 8 18 70 1 23 32 72 52 87 70 63 1 3 23 27 0 69 15 65 28 43 47 88 43 37 9 63 49 81 88 42 8 60 21 58 54 88 46 90 49 43 30 20 48 67 
41 67 34 0 69 24 78 58 62 64 5 45 81 27 61 91 95 42 27 36 91 4 2 53 92 82 21 16 18 95 47 26 71 38 69 12 67 99 35 94 3 11 22 33 73 64 41 11 53 68 47 44 62 57 37 59 23 41 29 78 16 35 90 42 88 6 40 42 64 48 46 5 90 29 70 50 6 1 93 48 29 23 84 54 56 40 66 76 31 8 44 39 26 23 37 38 18 82 29 41 
33 15 39 58 4 30 77 6 73 86 21 45 24 72 70 29 77 73 97 12 86 90 61 36 55 67 55 74 31 52 50 50 41 24 66 30 7 91 7 37 57 87 53 83 45 9 9 58 21 88 22 46 6 30 13 68 0 91 62 55 10 59 24 37 48 83 95 41 2 50 91 36 74 20 96 21 48 99 68 84 81 34 53 99 18 38 0 88 27 67 28 93 48 83 7 21 10 17 13 14 
9 16 35 51 0 49 19 56 98 3 24 8 44 9 89 2 95 85 93 43 23 87 14 3 48 0 58 18 80 96 98 81 89 98 9 57 72 22 38 92 38 79 90 57 58 91 15 88 56 11 2 34 72 55 28 46 62 86 75 33 69 42 44 16 81 98 22 51 21 99 57 76 92 89 75 12 0 10 3 69 61 88 1 89 55 23 2 85 82 85 88 26 17 57 32 32 69 54 21 89 
76 29 68 92 25 55 34 49 41 12 45 60 18 53 39 23 79 96 87 29 49 37 66 49 93 95 97 16 86 5 88 82 55 34 14 1 16 71 86 63 13 55 85 53 12 8 32 45 13 56 21 58 46 82 81 44 96 22 29 61 35 50 73 66 44 59 92 39 53 24 54 10 45 49 86 13 74 22 68 18 87 5 58 91 2 25 77 14 14 24 34 74 72 59 33 70 87 97 18 77 
73 70 63 68 92 85 2 80 13 27 2 99 27 25 43 24 23 72 61 81 3 32 5 93 25 31 92 42 22 86 64 0 87 60 13 74 70 70 35 33 11 60 96 67 85 50 40 94 95 24 19 25 76 94 58 2 71 66 78 93 51 84 18 64 19 52 0 87 60 26 10 57 70 15 76 27 43 58 64 9 82 86 65 87 77 74 25 27 29 28 23 20 2 62 23 96 37 61 95 25 
64 60 2 16 30 26 11 71 11 47 53 20 90 24 88 63 40 51 62 29 0 13 58 78 65 7 77 0 58 39 3 60 57 24 77 8 13 87 1 50 60 28 93 84 5 40 11 4 35 56 72 50 23 85 56 16 26 57 26 57 37 71 69 61 96 22 17 12 17 96 85 41 23 29 29 65 59 32 96 55 53 62 84 34 54 72 57 69 32 63 7 83 11 35 67 48 75 38 23 42 
54 11 41 75 59 25 21 70 26 34 5 83 50 98 79 1 93 34 37 34 56 93 76 5 62 48 81 0 13 41 55 55 42 62 11 77 24 78 52 43 96 73 40 13 75 72 18 10 17 32 12 95 69 31 40 88 85 90 97 89 90 45 53 14 51 40 44 58 35 59 92 5 64 81 3 29 75 8 92 97 49 56 61 27 67 41 29 40 13 74 1 77 15 83 13 92 24 1 92 59 
70 28 27 84 75 86 98 70 87 47 4 3 21 63 6 63 10 71 89 40 64 42 19 13 91 4 18 32 50 5 75 39 3 22 98 47 84 48 71 64 13 75 45 12 46 78 69 62 19 85 89 44 65 40 45 8 18 70 1 23 32 72 52 87 70 63 1 3 23 27 0 69 15 65 28 43 47 88 43 37 9 63 49 81 88 42 8 60 21 58 54 88 46 90 49 43 30 20 48 67 
41 67 34 0 69 24 78 58 62 64 5 45 81 27 61 91 95 42 27 36 91 4 2 53 92 82 21 16 18 95 47 26 71 38 69 12 67 99 35 94 3 11 22 33 73 64 41 11 53 68 47 44 62 57 37 59 23 41 29 78 16 35 90 42 88 6 40 42 64 48 46 5 90 29 70 50 6 1 93 48 29 23 84 54 56 40 66 76 31 8 44 39 26 23 37 38 18 82 29 41 
33 15 39 58 4 30 77 6 73 86 21 45 24 72 70 29 77 73 97 12 86 90 61 36 55 67 55 74 31 52 50 50 41 24 66 30 7 91 7 37 57 87 53 83 45 9 9 58 21 88 22 46 6 30 13 68 0 91 62 55 10 59 24 37 48 83 95 41 2 50 91 36 74 20 96 21 48 99 68 84 81 34 53 99 18 38 0 88 27 67 28 93 48 83 7 21 10 17 13 14 
9 16 35 51 0 49 19 56 98 3 24 8 44 9 89 2 95 85 93 43 23 87 14 3 48 0 58 18 80 96 98 81 89 98 9 57 72 22 38 92 38 79 90 57 58 91 15 88 56 11 2 34 72 55 28 46 62 86 75 33 69 42 44 16 81 98 22 51 21 99 57 76 92 89 75 12 0 10 3 69 61 88 1 89 55 23 2 85 82 85 88 26 17 57 32 32 69 54 21 89 
76 29 68 92 25 55 34 49 41 12 45 60 18 53 39 23 79 96 87 29 49 37 66 49 93 95 97 16 86 5 88 82 55 34 14 1 16 71 86 63 13 55 85 53 12 8 32 45 13 56 21 58 46 82 81 44 96 22 29 61 35 50 73 66 44 59 92 39 53 24 54 10 45 49 86 13 74 22 68 18 87 5 58 91 2 25 77 14 14 24 34 74 72 59 33 70 87 97 18 77 
73 70 63 68 92 85 2 80 13 27 2 99 27 25 43 24 23 72 61 81 3 32 5 93 25 31 92 42 22 86 64 0 87 60 13 74 70 70 35 33 11 60 96 67 85 50 40 94 95 24 19 25 76 94 58 2 71 66 78 93 51 84 18 64 19 52 0 87 60 26 10 57 70 15 76 27 43 58 64 9 82 86 65 87 77 74 25 27 29 28 23 20 2 62 23 96 37 61 95 25 
64 60 2 16 30 26 11 71 11 47 53 20 90 24 88 63 40 51 62 29 0 13 58 78 65 7 77 0 58 39 3 60 57 24 77 8 13 87 1 50 60 28 93 84 5 40 11 4 35 56 72 50 23 85 56 16 26 57 26 57 37 71 69 61 96 22 17 12 17 96 85 41 23 29 29 65 59 32 96 55 53 62 84 34 54 72 57 69 32 63 7 83 11 35 67 48 75 38 23 42 
54 11 41 75 59 25 21 70 26 34 5 83 50 98 79 1 93 34 37 34 56 93 76 5 62 48 81 0 13 41 55 55 42 62 11 77 24 78 52 43 96 73 40 13 75 72 18 10 17 32 12 95 69 31 40 88 85 90 97 89 90 45 53 14 51 40 44 58 35 59 92 5 64 81 3 29 75 8 92 97 49 56 61 27 67 41 29 40 13 74 1 77 15 83 13 92 24 1 92 59 
70 28 27 84 75 86 98 70 87 47 4 3 21 63 6 63 10 71 89 40 64 42 19 13 91 4 18 32 50 5 75 39 3 22 98 47 84 48 71 64 13 75 45 12 46 78 69 62 19 85 89 44 65 40 45 8 18 70 1 23 32 72 52 87 70 63 1 3 23 27 0 69 15 65 28 43 47 88 43 37 9 63 49 81 88 42 8 60 21 58 54 88 46 90 49 43 30 20 48 67 
41 67 34 0 69 24 78 58 62 64 5 45 81 27 61 91 95 42 27 36 91 4 2 53 92 82 21 16 18 95 47 26 71 38 69 12 67 99 35 94 3 11 22 33 73 64 41 11 53 68 47 44 62 57 37 59 23 41 29 78 16 35 90 42 88 6 40 42 64 48 46 5 90 29 70 50 6 1 93 48 29 23 84 54 56 40 66 76 31 8 44 39 26 23 37 38 18 82 29 41 
33 15 39 58 4 30 77 6 73 86 21 45 24 72 70 29 77 73 97 12 86 90 61 36 55 67 55 74 31 52 50 50 41 24 66 30 7 91 7 37 57 87 53 83 45 9 9 58 21 88 22 46 6 30 13 68 0 91 62 55 10 59 24 37 48 83 95 41 2 50 91 36 74 20 96 21 48 99 68 84 81 34 53 99 18 38 0 88 27 67 28 93 48 83 7 21 10 17 13 14 
9 16 35 51 0 49 19 56 98 3 24 8 44 9 89 2 95 85 93 43 23 87 14 3 48 0 58 18 80 96 98 81 89 98 9 57 72 22 38 92 38 79 90 57 58 91 15 88 56 11 2 34 72 55 28 46 62 86 75 33 69 42 44 16 81 98 22 51 21 99 57 76 92 89 75 12 0 10 3 69 61 88 1 89 55 23 2 85 82 85 88 26 17 57 32 32 69 54 21 89 
76 29 68 92 25 55 34 49 41 12 45 60 18 53 39 23 79 96 87 29 49 37 66 49 93 95 97 16 86 5 88 82 55 34 14 1 16 71 86 63 13 55 85 53 12 8 32 45 13 56 21 58 46 82 81 44 96 22 29 61 35 50 73 66 44 59 92 39 53 24 54 10 45 49 86 13 74 22 68 18 87 5 58 91 2 25 77 14 14 24 34 74 72 59 33 70 87 97 18 77 
73 70 63 68 92 85 2 80 13 27 2 99 27 25 43 24 23 72 61 81 3 32 5 93 25 31 92 42 22 86 64 0 87 60 13 74 70 70 35 33 11 60 96 67 85 50 40 94 95 24 19 25 76 94 58 2 71 66 78 93 51 84 18 64 19 52 0 87 60 26 10 57 70 15 76 27 43 58 64 9 82 86 65 87 77 74 25 27 29 28 23 20 2 62 23 96 37 61 95 25 
64 60 2 16 30 26 11 71 11 47 53 20 90 24 88 63 40 51 62 29 0 13 58 78 65 7 77 0 58 39 3 60 57 24 77 8 13 87 1 50 60 28 93 84 5 40 11 4 35 56 72 50 23 85 56 16 26 57 26 57 37 71 69 61 96 22 17 12 17 96 85 41 23 29 29 65 59 32 96 55 53 62 84 34 54 72 57 69 32 63 7 83 11 35 67 48 75 38 23 42 
54 11 41 75 59 25 21 70 26 34 5 83 50 98 79 1 93 34 37 34 56 93 76 5 62 48 81 0 13 41 55 55 42 62 11 77 24 78 52 43 96 73 40 13 75 72 18 10 17 32 12 95 69 31 40 88 85 90 97 89 90 45 53 14 51 40 44 58 35 59 92 5 64 81 3 29 75 8 92 97 49 56 61 27 67 41 29 40 13 74 1 77 15 83 13 92 24 1 92 59 
70 28 27 84 75 86 98 70 87 47 4 3 21 63 6 63 10 71 89 40 64 42 19 13 91 4 18 32 50 5 75 39 3 22 98 47 84 48 71 64 13 75 45 12 46 78 69 62 19 85 89 44 65 40 45 8 18 70 1 23 32 72 52 87 70 63 1 3 23 27 0 69 15 65 28 43 47 88 43 37 9 63 49 81 88 42 8 60 21 58 54 88 46 90 49 43 30 20 48 67 
41 67 34 0 69 24 78 58 62 64 5 45 81 27 61 91 95 42 27 36 91 4 2 53 92 82 21 16 18 95 47 26 71 38 69 12 67 99 35 94 3 11 22 33 73 64 41 11 53 68 47 44 62 57 37 59 23 41 29 78 16 35 90 42 88 6 40 42 64 48 46 5 90 29 70 50 6 1 93 48 29 23 84 54 56 40 66 76 31 8 44 39 26 23 37 38 18 82 29 41 
33 15 39 58 4 30 77 6 73 86 21 45 24 72 70 29 77 73 97 12 86 90 61 36 55 67 55 74 31 52 50 50 41 24 66 30 7 91 7 37 57 87 53 83 45 9 9 58 21 88 22 46 6 30 13 68 0 91 62 55 10 59 24 37 48 83 95 41 2 50 91 36 74 20 96 21 48 99 68 84 81 34 53 99 18 38 0 88 27 67 28 93 48 83 7 21 10 17 13 14 
9 16 35 51 0 49 19 56 98 3 24 8 44 9 89 2 95 85 93 43 23 87 14 3 48 0 58 18 80 96 98 81 89 98 9 57 72 22 38 92 38 79 90 57 58 91 15 88 56 11 2 34 72 55 28 46 62 86 75 33 69 42 44 16 81 98 22 51 21 99 57 76 92 89 75 12 0 10 3 69 61 88 1 89 55 23 2 85 82 85 88 26 17 57 32 32 69 54 21 89 
76 29 68 92 25 55 34 49 41 12 45 60 18 53 39 23 79 96 87 29 49 37 66 49 93 95 97 16 86 5 88 82 55 34 14 1 16 71 86 63 13 55 85 53 12 8 32 45 13 56 21 58 46 82 81 44 96 22 29 61 35 50 73 66 44 59 92 39 53 24 54 10 45 49 86 13 74 22 68 18 87 5 58 91 2 25 77 14 14 24 34 74 72 59 33 70 87 97 18 77 
73 70 63 68 92 85 2 80 13 27 2 99 27 25 43 24 23 72 61 81 3 32 5 93 25 31 92 42 22 86 64 0 87 60 13 74 70 70 35 33 11 60 96 67 85 50 40 94 95 24 19 25 76 94 58 2 71 66 78 93 51 84 18 64 19 52 0 87 60 26 10 57 70 15 76 27 43 58 64 9 82 86 65 87 77 74 25 27 29 28 23 20 2 62 23 96 37 61 95 25 
64 60 2 16 30 26 11 71 11 47 53 20 90 24 88 63 40 51 62 29 0 13 58 78 65 7 77 0 58 39 3 60 57 24 77 8 13 87 1 50 60 28 93 84 5 40 11 4 35 56 72 50 23 85 56 16 26 57 26 57 37 71 69 61 96 22 17 12 17 96 85 41 23 29 29 65 59 32 96 55 53 62 84 34 54 72 57 69 32 63 7 83 11 35 67 48 75 38 23 42 
54 11 41 75 59 25 21 70 26 34 5 83 50 98 79 1 93 34 37 34 56 93 76 5 62 48 81 0 13 41 55 55 42 62 11 77 24 78 52 43 96 73 40 13 75 72 18 10 17 32 12 95 69 31 40 88 85 90 97 89 90 45 53 14 51 40 44 58 35 59 92 5 64 81 3 29 75 8 92 97 49 56 61 27 67 41 29 40 13 74 1 77 15 83 13 92 24 1 92 59 
70 28 27 84 75 86 98 70 87 47 4 3 21 63 6 63 10 71 89 40 64 42 19 13 91 4 18 32 50 5 75 39 3 22 98 47 84 48 71 64 13 75 45 12 46 78 69 62 19 85 89 44 65 40 45 8 18 70 1 23 32 72 52 87 70 63 1 3 23 27 0 69 15 65 28 43 47 88 43 37 9 63 49 81 88 42 8 60 21 58 54 88 46 90 49 43 30 20 48 67 
41 67 34 0 69 24 78 58 62 64 5 45 81 27 61 91 95 42 27 36 91 4 2 53 92 82 21 16 18 95 47 26 71 38 69 12 67 99 35 94 3 11 22 33 73 64 41 11 53 68 47 44 62 57 37 59 23 41 29 78 16 35 90 42 88 6 40 42 64 48 46 5 90 29 70 50 6 1 93 48 29 23 84 54 56 40 66 76 31 8 44 39 26 23 37 38 18 82 29 41 
33 15 39 58 4 30 77 6 73 86 21 45 24 72 70 29 77 73 97 12 86 90 61 36 55 67 55 74 31 52 50 50 41 24 66 30 7 91 7 37 57 87 53 83 45 9 9 58 21 88 22 46 6 30 13 68 0 91 62 55 10 59 24 37 48 83 95 41 2 50 91 36 74 20 96 21 48 99 68 84 81 34 53 99 18 38 0 88 27 67 28 93 48 83 7 21 10 17 13 14 
9 16 35 51 0 49 19 56 98 3 24 8 44 9 89 2 95 85 93 43 23 87 14 3 48 0 58 18 80 96 98 81 89 98 9 57 72 22 38 92 38 79 90 57 58 91 15 88 56 11 2 34 72 55 28 46 62 86 75 33 69 42 44 16 81 98 22 51 21 99 57 76 92 89 75 12 0 10 3 69 61 88 1 89 55 23 2 85 82 85 88 26 17 57 32 32 69 54 21 89 
76 29 68 92 25 55 34 49 41 12 45 60 18 53 39 23 79 96 87 29 49 37 66 49 93 95 97 16 86 5 88 82 55 34 14 1 16 71 86 63 13 55 85 53 12 8 32 45 13 56 21 58 46 82 81 44 96 22 29 61 35 50 73 66 44 59 92 39 53 24 54 10 45 49 86 13 74 22 68 18 87 5 58 91 2 25 77 14 14 24 34 74 72 59 33 70 87 97 18 77 
73 70 63 68 92 85 2 80 13 27 2 99 27 25 43 24 23 72 61 81 3 32 5 93 25 31 92 42 22 86 64 0 87 60 13 74 70 70 35 33 11 60 96 67 85 50 40 94 95 24 19 25 76 94 58 2 71 66 78 93 51 84 18 64 19 52 0 87 60 26 10 57 70 15 76 27 43 58 64 9 82 86 65 87 77 74 25 27 29 28 23 20 2 62 23 96 37 61 95 25 
64 60 2 16 30 26 11 71 11 47 53 20 90 24 88 63 40 51 62 29 0 13 58 78 65 7 77 0 58 39 3 60 57 24 77 8 13 87 1 50 60 28 93 84 5 40 11 4 35 56 72 50 23 85 56 16 26 57 26 57 37 71 69 61 96 22 17 12 17 96 85 41 23 29 29 65 59 32 96 55 53 62 84 34 54 72 57 69 32 63 7 83 11 35 67 48 75 38 23 42 
54 11 41 75 59 25 21 70 26 34 5 83 50 98 79 1 93 34 37 34 56 93 76 5 62 48 81 0 13 41 55 55 42 62 11 77 24 78 52 43 96 73 40 13 75 72 18 10 17 32 12 95 69 31 40 88 85 90 97 89 90 45 53 14 51 40 44 58 35 59 92 5 64 81 3 29 75 8 92 97 49 56 61 27 67 41 29 40 13 74 1 77 15 83 13 92 24 1 92 59 
70 28 27 84 75 86 98 70 87 47 4 3 21 63 6 63 10 71 89 40 64 42 19 13 91 4 18 32 50 5 75 39 3 22 98 47 84 48 71 64 13 75 45 12 46 78 69 62 19 85 89 44 65 40 45 8 18 70 1 23 32 72 52 87 70 63 1 3 23 27 0 69 15 65 28 43 47 88 43 37 9 63 49 81 88 42 8 60 21 58 54 88 46 90 49 43 30 20 48 67 
