20 2 84 55 5 13 44 29 13 78 97 46 16 49 22 63 31 16 36 43 8 87 60 56 16 7 27 94 28 95 6 23 18 96 57 68 57 52 90 54 52 53 78 69 64 87 76 45 11 43 5 5 35 37 94 45 90 61 48 95 64 97 81 46 55 15 40 58 61 88 82 90 83 0 85 10 9 96 6 11 38 0 22 89 93 42 19 5 24 82 56 36 48 80 96 30 58 31 78 78 
84 47 40 68 79 1 32 0 23 62 24 15 79 69 21 91 47 33 97 36 11 18 62 8 34 46 54 78 67 80 22 3 55 0 72 89 51 37 29 25 3 79 97 14 15 7 68 34 24 90 80 77 86 53 48 24 34 53 49 39 71 29 91 2 29 3 2 32 27 93 93 29 8 29 79 11 36 63 0 31 45 41 6 45 66 99 96 27 86 40 95 33 96 81 40 98 26 92 14 14 
44 44 76 13 94 7 40 43 12 87 25 17 57 34 29 27 10 36 96 78 60 23 89 87 53 69 62 8 90 87 71 63 17 5 65 5 42 57 41 29 91 97 86 53 4 93 95 52 54 8 2 64 87 6 51 70 27 90 85 36 98 24 94 42 38 86 22 84 31 70 26 55 63 40 64 58 58 30 98 23 82 27 43 98 24 72 53 57 52 76 9 13 85 19 91 60 16 30 73 91 
97 92 94 17 34 64 44 5 88 69 87 17 55 2 14 80 90 23 87 65 67 91 66 92 48 73 18 96 98 12 83 57 76 46 31 20 19 12 8 61 85 18 65 85 12 39 49 37 65 74 96 17 96 64 63 16 46 0 22 39 44 42 88 3 29 4 7 40 11 34 16 16 74 34 90 20 69 15 18 85 61 90 13 10 4 21 73 90 99 33 37 84 62 59 92 41 11 91 47 28 
13 5 26 15 5 55 0 86 23 35 26 66 79 49 90 52 66 92 76 69 55 17 45 0 37 3 34 74 43 41 63 77 77 33 1 64 24 35 60 22 45 5 49 42 86 16 63 18 6 67 84 38 59 46 87 62 64 10 59 58 67 11 19 50 63 30 40 91 39 12 50 77 87 95 67 1 75 67 24 28 25 40 81 4 46 2 87 23 16 52 16 14 93 69 30 24 76 69 44 15 
84 4 6 2 46 76 59 24 0 31 48 11 66 97 86 65 84 7 88 39 43 34 86 82 25 0 70 11 35 56 85 77 57 45 47 94 29 15 14 46 11 14 68 99 85 0 93 6 33 7 24 9 80 86 24 93 89 38 93 30 1 96 6 45 50 53 51 20 88 50 85 28 88 45 32 36 51 0 92 41 50 93 45 6 64 77 53 36 79 33 44 45 80 29 17 42 81 95 8 57 
56 44 30 54 33 29 12 32 42 85 80 6 19 37 20 41 17 76 64 23 83 47 19 58 26 24 0 84 32 83 35 57 4 65 77 31 84 57 64 82 85 75 56 28 82 94 9 35 2 45 90 25 47 66 33 78 67 15 40 76 46 49 64 39 88 9 24 92 1 32 95 12 45 22 58 24 49 6 20 83 95 50 27 2 49 81 92 56 77 8 57 46 60 5 82 72 40 8 5 92 
6 44 71 94 4 10 56 34 87 92 16 18 85 53 79 7 25 7 82 13 10 97 75 81 73 47 31 91 69 58 90 80 21 60 6 5 53 55 27 25 93 20 83 52 3 16 18 80 9 38 80 52 30 88 22 26 45 51 69 77 62 19 53 23 57 68 1 65 97 73 83 17 89 11 55 32 57 1 19 88 27 49 82 75 11 8 25 80 32 45 41 49 20 19 38 86 23 68 80 97 
82 12 72 91 98 95 89 46 39 34 59 20 34 68 67 94 75 88 21 36 83 69 15 68 53 19 91 53 22 76 18 70 34 53 46 19 97 93 92 95 46 74 22 91 83 67 41 98 53 26 46 78 77 15 43 34 15 41 95 31 82 24 9 24 61 6 24 60 96 33 98 83 26 13 92 38 48 70 22 47 90 49 4 41 86 24 64 90 10 78 37 89 99 28 35 38 73 16 99 99 
89 48 82 53 74 20 2 23 31 69 78 59 8 19 71 3 45 81 4 92 85 13 98 89 22 38 37 10 61 34 8 61 59 93 15 69 37 69 58 0 71 64 17 15 55 15 30 39 12 88 82 54 85 10 84 74 80 15 51 41 15 79 10 98 73 88 77 32 56 89 13 8 41 90 23 63 28 84 78 0 71 85 74 71 33 67 53 95 68 25 76 29 50 98 9 93 86 80 16 49 
67 28 79 64 21 5 26 16 16 26 66 87 81 64 40 86 21 62 21 64 9 15 2 73 24 41 45 62 23 31 6 68 18 2 7 7 81 12 36 30 14 9 84 56 90 93 96 52 54 45 8 48 91 12 31 14 39 58 22 4 95 52 69 79 38 23 18 66 59 98 86 96 62 33 58 22 46 92 37 25 47 58 2 7 98 30 92 0 78 99 52 48 82 40 15 75 62 67 36 97 
18 97 28 51 16 30 49 25 58 29 20 40 60 47 62 55 75 92 61 54 98 46 14 46 88 69 38 63 75 15 21 75 15 28 34 70 5 64 57 62 61 24 49 69 30 23 50 33 25 10 37 36 37 78 93 36 14 64 91 49 35 5 37 4 37 23 64 70 8 68 81 85 52 73 52 94 76 26 96 72 49 40 74 19 43 11 41 89 19 65 5 85 16 50 15 9 64 66 93 74 
9 0 95 73 89 61 72 68 58 31 68 26 10 22 74 79 10 52 82 91 95 64 74 64 2 55 60 74 72 21 22 47 77 89 5 95 94 50 43 54 81 12 72 39 28 12 62 67 8 15 8 23 59 34 4 86 19 58 45 6 66 0 67 92 87 32 56 74 47 21 83 22 31 76 83 48 23 82 18 76 20 11 82 56 90 25 24 86 77 69 43 34 77 68 68 91 96 83 28 27 
26 71 97 12 3 27 8 45 8 85 38 37 43 13 1 50 28 11 50 49 92 54 69 81 65 67 13 93 34 72 72 30 1 42 77 77 70 2 64 81 90 23 37 23 79 95 69 27 42 10 82 58 26 87 70 28 51 58 13 60 83 86 42 10 72 28 34 41 18 3 67 65 38 81 57 50 14 98 58 61 63 56 7 78 89 35 65 75 86 86 33 60 30 48 28 92 33 40 66 35 
10 99 37 92 82 28 52 69 44 94 8 52 47 32 35 8 64 97 43 49 15 41 89 0 12 48 23 51 74 33 91 0 54 90 97 19 80 78 31 44 40 87 99 25 83 38 92 93 52 11 60 34 40 97 85 29 40 5 91 92 10 49 78 79 71 77 73 93 20 97 26 76 90 82 78 59 18 89 59 49 24 72 80 8 67 8 77 3 70 7 96 74 22 11 19 61 56 90 63 83 
16 32 52 41 54 13 62 96 60 15 4 99 36 80 98 32 87 84 40 17 6 70 41 82 49 23 58 5 21 95 96 16 78 78 79 58 77 50 7 29 81 95 78 76 53 99 84 65 93 8 72 43 29 14 68 55 91 73 22 48 51 86 44 46 77 17 29 16 74 91 69 12 46 93 91 15 49 57 40 52 36 51 87 26 62 55 83 94 80 97 65 65 13 61 78 78 78 40 11 47 
45 70 75 89 50 49 33 65 14 82 7 32 96 67 22 82 10 41 31 87 5 79 21 38 51 47 8 46 76 59 89 22 66 86 55 28 14 60 53 77 48 3 61 31 82 55 97 6 52 21 96 81 21 55 47 24 18 35 76 74 59 98 74 53 22 35 43 88 53 32 47 80 26 78 50 1 61 99 55 63 16 73 61 45 73 74 50 53 81 87 99 10 43 65 72 29 81 12 76 81 
47 90 71 5 72 32 89 20 65 31 58 93 6 78 48 6 71 66 96 97 20 94 29 88 9 84 69 78 17 15 26 84 68 6 28 97 18 90 99 85 86 99 20 10 71 13 15 85 18 80 31 67 87 44 86 7 60 27 74 31 52 71 68 93 85 37 11 4 77 6 68 22 13 0 42 37 38 88 55 89 47 81 93 84 87 61 93 17 1 82 47 65 53 4 84 95 25 21 64 81 
89 48 82 53 74 20 2 23 31 69 78 59 8 19 71 3 45 81 4 92 85 13 98 89 22 38 37 10 61 34 8 61 59 93 15 69 37 69 58 0 71 64 17 15 55 15 30 39 12 88 82 54 85 10 84 74 80 15 51 41 15 79 10 98 73 88 77 32 56 89 13 8 41 90 23 63 28 84 78 0 71 85 74 71 33 67 53 95 68 25 76 29 50 98 9 93 86 80 16 49 
67 28 79 64 21 5 26 16 16 26 66 87 81 64 40 86 21 62 21 64 9 15 2 73 24 41 45 62 23 31 6 68 18 2 7 7 81 12 36 30 14 9 84 56 90 93 96 52 54 45 8 48 91 12 31 14 39 58 22 4 95 52 69 79 38 23 18 66 59 98 86 96 62 33 58 22 46 92 37 25 47 58 2 7 98 30 92 0 78 99 52 48 82 40 15 75 62 67 36 97 
18 97 28 51 16 30 49 25 58 29 20 40 60 47 62 55 75 92 61 54 98 46 14 46 88 69 38 63 75 15 21 75 15 28 34 70 5 64 57 62 61 24 49 69 30 23 50 33 25 10 37 36 37 78 93 36 14 64 91 49 35 5 37 4 37 23 64 70 8 68 81 85 52 73 52 94 76 26 96 72 49 40 74 19 43 11 41 89 19 65 5 85 16 50 15 9 64 66 93 74 
9 0 95 73 89 61 72 68 58 31 68 26 10 22 74 79 10 52 82 91 95 64 74 64 2 55 60 74 72 21 22 47 77 89 5 95 94 50 43 54 81 12 72 39 28 12 62 67 8 15 8 23 59 34 4 86 19 58 45 6 66 0 67 92 87 32 56 74 47 21 83 22 31 76 83 48 23 82 18 76 20 11 82 56 90 25 24 86 77 69 43 34 77 68 68 91 96 83 28 27 
26 71 97 12 3 27 8 45 8 85 38 37 43 13 1 50 28 11 50 49 92 54 69 81 65 67 13 93 34 72 72 30 1 42 77 77 70 2 64 81 90 23 37 23 79 95 69 27 42 10 82 58 26 87 70 28 51 58 13 60 83 86 42 10 72 28 34 41 18 3 67 65 38 81 57 50 14 98 58 61 63 56 7 78 89 35 65 75 86 86 33 60 30 48 28 92 33 40 66 35 
10 99 37 92 82 28 52 69 44 94 8 52 47 32 35 8 64 97 43 49 15 41 89 0 12 48 23 51 74 33 91 0 54 90 97 19 80 78 31 44 40 87 99 25 83 38 92 93 52 11 60 34 40 97 85 29 40 5 91 92 10 49 78 79 71 77 73 93 20 97 26 76 90 82 78 59 18 89 59 49 24 72 80 8 67 8 77 3 70 7 96 74 22 11 19 61 56 90 63 83 
16 32 52 41 54 13 62 96 60 15 4 99 36 80 98 32 87 84 40 17 6 70 41 82 49 23 58 5 21 95 96 16 78 78 79 58 77 50 7 29 81 95 78 76 53 99 84 65 93 8 72 43 29 14 68 55 91 73 22 48 51 86 44 46 77 17 29 16 74 91 69 12 46 93 91 15 49 57 40 52 36 51 87 26 62 55 83 94 80 97 65 65 13 61 78 78 78 40 11 47 
45 70 75 89 50 49 33 65 14 82 7 32 96 67 22 82 10 41 31 87 5 79 21 38 51 47 8 46 76 59 89 22 66 86 55 28 14 60 53 77 48 3 61 31 82 55 97 6 52 21 96 81 21 55 47 24 18 35 76 74 59 98 74 53 22 35 43 88 53 32 47 80 26 78 50 1 61 99 55 63 16 73 61 45 73 74 50 53 81 87 99 10 43 65 72 29 81 12 76 81 
47 90 71 5 72 32 89 20 65 31 58 93 6 78 48 6 71 66 96 97 20 94 29 88 9 84 69 78 17 15 26 84 68 6 28 97 18 90 99 85 86 99 20 10 71 13 15 85 18 80 31 67 87 44 86 7 60 27 74 31 52 71 68 93 85 37 11 4 77 6 68 22 13 0 42 37 38 88 55 89 47 81 93 84 87 61 93 17 1 82 47 65 53 4 84 95 25 21 64 81 
89 48 82 53 74 20 2 23 31 69 78 59 8 19 71 3 45 81 4 92 85 13 98 89 22 38 37 10 61 34 8 61 59 93 15 69 37 69 58 0 71 64 17 15 55 15 30 39 12 88 82 54 85 10 84 74 80 15 51 41 15 79 10 98 73 88 77 32 56 89 13 8 41 90 23 63 28 84 78 0 71 85 74 71 33 67 53 95 68 25 76 29 50 98 9 93 86 80 16 49 
67 28 79 64 21 5 26 16 16 26 66 87 81 64 40 86 21 62 21 64 9 15 2 73 24 41 45 62 23 31 6 68 18 2 7 7 81 12 36 30 14 9 84 56 90 93 96 52 54 45 8 48 91 12 31 14 39 58 22 4 95 52 69 79 38 23 18 66 59 98 86 96 62 33 58 22 46 92 37 25 47 58 2 7 98 30 92 0 78 99 52 48 82 40 15 75 62 67 36 97 
18 97 28 51 16 30 49 25 58 29 20 40 60 47 62 55 75 92 61 54 98 46 14 46 88 69 38 63 75 15 21 75 15 28 34 70 5 64 57 62 61 24 49 69 30 23 50 33 25 10 37 36 37 78 93 36 14 64 91 49 35 5 37 4 37 23 64 70 8 68 81 85 52 73 52 94 76 26 96 72 49 40 74 19 43 11 41 89 19 65 5 85 16 50 15 9 64 66 93 74 
9 0 95 73 89 61 72 68 58 31 68 26 10 22 74 79 10 52 82 91 95 64 74 64 2 55 60 74 72 21 22 47 77 89 5 95 94 50 43 54 81 12 72 39 28 12 62 67 8 15 8 23 59 34 4 86 19 58 45 6 66 0 67 92 87 32 56 74 47 21 83 22 31 76 83 48 23 82 18 76 20 11 82 56 90 25 24 86 77 69 43 34 77 68 68 91 96 83 28 27 
26 71 97 12 3 27 8 45 8 85 38 37 43 13 1 50 28 11 50 49 92 54 69 81 65 67 13 93 34 72 72 30 1 42 77 77 70 2 64 81 90 23 37 23 79 95 69 27 42 10 82 58 26 87 70 28 51 58 13 60 83 86 42 10 72 28 34 41 18 3 67 65 38 81 57 50 14 98 58 61 63 56 7 78 89 35 65 75 86 86 33 60 30 48 28 92 33 40 66 35 
10 99 37 92 82 28 52 69 44 94 8 52 47 32 35 8 64 97 43 49 15 41 89 0 12 48 23 51 74 33 91 0 54 90 97 19 80 78 31 44 40 87 99 25 83 38 92 93 52 11 60 34 40 97 85 29 40 5 91 92 10 49 78 79 71 77 73 93 20 97 26 76 90 82 78 59 18 89 59 49 24 72 80 8 67 8 77 3 70 7 96 74 22 11 19 61 56 90 63 83 
16 32 52 41 54 13 62 96 60 15 4 99 36 80 98 32 87 84 40 17 6 70 41 82 49 23 58 5 21 95 96 16 78 78 79 58 77 50 7 29 81 95 78 76 53 99 84 65 93 8 72 43 29 14 68 55 91 73 22 48 51 86 44 46 77 17 29 16 74 91 69 12 46 93 91 15 49 57 40 52 36 51 87 26 62 55 83 94 80 97 65 65 13 61 78 78 78 40 11 47 
45 70 75 89 50 49 33 65 14 82 7 32 96 67 22 82 10 41 31 87 5 79 21 38 51 47 8 46 76 59 89 22 66 86 55 28 14 60 53 77 48 3 61 31 82 55 97 6 52 21 96 81 21 55 47 24 18 35 76 74 59 98 74 53 22 35 43 88 53 32 47 80 26 78 50 1 61 99 55 63 16 73 61 45 73 74 50 53 81 87 99 10 43 65 72 29 81 12 76 81 
47 90 71 5 72 32 89 20 65 31 58 93 6 78 48 6 71 66 96 97 20 94 29 88 9 84 69 78 17 15 26 84 68 6 28 97 18 90 99 85 86 99 20 10 71 13 15 85 18 80 31 67 87 44 86 7 60 27 74 31 52 71 68 93 85 37 11 4 77 6 68 22 13 0 42 37 38 88 55 89 47 81 93 84 87 61 93 17 1 82 47 65 53 4 84 95 25 21 64 81 
36 83 35 26 85 38 53 29 24 48 23 59 57 66 44 55 18 26 11 25 55 1 49 96 84 15 64 42 75 13 42 96 48 72 26 6 73 29 4 5 26 12 75 93 65 36 36 41 14 94 56 52 36 38 82 55 15 31 30 41 25 11 37 86 90 50 62 34 93 53 16 52 8 62 33 54 3 34 3 56 48 24 17 13 9 28 0 80 18 58 50 55 61 64 3 76 43 9 2 61 
89 48 82 53 74 20 2 23 31 69 78 59 8 19 71 3 45 81 4 92 85 13 98 89 22 38 37 10 61 34 8 61 59 93 15 69 37 69 58 0 71 64 17 15 55 15 30 39 12 88 82 54 85 10 84 74 80 15 51 41 15 79 10 98 73 88 77 32 56 89 13 8 41 90 23 63 28 84 78 0 71 85 74 71 33 67 53 95 68 25 76 29 50 98 9 93 86 80 16 49 
67 28 79 64 21 5 26 16 16 26 66 87 81 64 40 86 21 62 21 64 9 15 2 73 24 41 45 62 23 31 6 68 18 2 7 7 81 12 36 30 14 9 84 56 90 93 96 52 54 45 8 48 91 12 31 14 39 58 22 4 95 52 69 79 38 23 18 66 59 98 86 96 62 33 58 22 46 92 37 25 47 58 2 7 98 30 92 0 78 99 52 48 82 40 15 75 62 67 36 97 
18 97 28 51 16 30 49 25 58 29 20 40 60 47 62 55 75 92 61 54 98 46 14 46 88 69 38 63 75 15 21 75 15 28 34 70 5 64 57 62 61 24 49 69 30 23 50 33 25 10 37 36 37 78 93 36 14 64 91 49 35 5 37 4 37 23 64 70 8 68 81 85 52 73 52 94 76 26 96 72 49 40 74 19 43 11 41 89 19 65 5 85 16 50 15 9 64 66 93 74 
9 0 95 73 89 61 72 68 58 31 68 26 10 22 74 79 10 52 82 91 95 64 74 64 2 55 60 74 72 21 22 47 77 89 5 95 94 50 43 54 81 12 72 39 28 12 62 67 8 15 8 23 59 34 4 86 19 58 45 6 66 0 67 92 87 32 56 74 47 21 83 22 31 76 83 48 23 82 18 76 20 11 82 56 90 25 24 86 77 69 43 34 77 68 68 91 96 83 28 27 
26 71 97 12 3 27 8 45 8 85 38 37 43 13 1 50 28 11 50 49 92 54 69 81 65 67 13 93 34 72 72 30 1 42 77 77 70 2 64 81 90 23 37 23 79 95 69 27 42 10 82 58 26 87 70 28 51 58 13 60 83 86 42 10 72 28 34 41 18 3 67 65 38 81 57 50 14 98 58 61 63 56 7 78 89 35 65 75 86 86 33 60 30 48 28 92 33 40 66 35 
10 99 37 92 82 28 52 69 44 94 8 52 47 32 35 8 64 97 43 49 15 41 89 0 12 48 23 51 74 33 91 0 54 90 97 19 80 78 31 44 40 87 99 25 83 38 92 93 52 11 60 34 40 97 85 29 40 5 91 92 10 49 78 79 71 77 73 93 20 97 26 76 90 82 78 59 18 89 59 49 24 72 80 8 67 8 77 3 70 7 96 74 22 11 19 61 56 90 63 83 
16 32 52 41 54 13 62 96 60 15 4 99 36 80 98 32 87 84 40 17 6 70 41 82 49 23 58 5 21 95 96 16 78 78 79 58 77 50 7 29 81 95 78 76 53 99 84 65 93 8 72 43 29 14 68 55 91 73 22 48 51 86 44 46 77 17 29 16 74 91 69 12 46 93 91 15 49 57 40 52 36 51 87 26 62 55 83 94 80 97 65 65 13 61 78 78 78 40 11 47 
36 83 35 26 85 38 53 29 24 48 23 59 57 66 44 55 18 26 11 25 55 1 49 96 84 15 64 42 75 13 42 96 48 72 26 6 73 29 4 5 26 12 75 93 65 36 36 41 14 94 56 52 36 38 82 55 15 31 30 41 25 11 37 86 90 50 62 34 93 53 16 52 8 62 33 54 3 34 3 56 48 24 17 13 9 28 0 80 18 58 50 55 61 64 3 76 43 9 2 61 
89 48 82 53 74 20 2 23 31 69 78 59 8 19 71 3 45 81 4 92 85 13 98 89 22 38 37 10 61 34 8 61 59 93 15 69 37 69 58 0 71 64 17 15 55 15 30 39 12 88 82 54 85 10 84 74 80 15 51 41 15 79 10 98 73 88 77 32 56 89 13 8 41 90 23 63 28 84 78 0 71 85 74 71 33 67 53 95 68 25 76 29 50 98 9 93 86 80 16 49 
67 28 79 64 21 5 26 16 16 26 66 87 81 64 40 86 21 62 21 64 9 15 2 73 24 41 45 62 23 31 6 68 18 2 7 7 81 12 36 30 14 9 84 56 90 93 96 52 54 45 8 48 91 12 31 14 39 58 22 4 95 52 69 79 38 23 18 66 59 98 86 96 62 33 58 22 46 92 37 25 47 58 2 7 98 30 92 0 78 99 52 48 82 40 15 75 62 67 36 97 
18 97 28 51 16 30 49 25 58 29 20 40 60 47 62 55 75 92 61 54 98 46 14 46 88 69 38 63 75 15 21 75 15 28 34 70 5 64 57 62 61 24 49 69 30 23 50 33 25 10 37 36 37 78 93 36 14 64 91 49 35 5 37 4 37 23 64 70 8 68 81 85 52 73 52 94 76 26 96 72 49 40 74 19 43 11 41 89 19 65 5 85 16 50 15 9 64 66 93 74 
9 0 95 73 89 61 72 68 58 31 68 26 10 22 74 79 10 52 82 91 95 64 74 64 2 55 60 74 72 21 22 47 77 89 5 95 94 50 43 54 81 12 72 39 28 12 62 67 8 15 8 23 59 34 4 86 19 58 45 6 66 0 67 92 87 32 56 74 47 21 83 22 31 76 83 48 23 82 18 76 20 11 82 56 90 25 24 86 77 69 43 34 77 68 68 91 96 83 28 27 
26 71 97 12 3 27 8 45 8 85 38 37 43 13 1 50 28 11 50 49 92 54 69 81 65 67 13 93 34 72 72 30 1 42 77 77 70 2 64 81 90 23 37 23 79 95 69 27 42 10 82 58 26 87 70 28 51 58 13 60 83 86 42 10 72 28 34 41 18 3 67 65 38 81 57 50 14 98 58 61 63 56 7 78 89 35 65 75 86 86 33 60 30 48 28 92 33 40 66 35 
10 99 37 92 82 28 52 69 44 94 8 52 47 32 35 8 64 97 43 49 15 41 89 0 12 48 23 51 74 33 91 0 54 90 97 19 80 78 31 44 40 87 99 25 83 38 92 93 52 11 60 34 40 97 85 29 40 5 91 92 10 49 78 79 71 77 73 93 20 97 26 76 90 82 78 59 18 89 59 49 24 72 80 8 67 8 77 3 70 7 96 74 22 11 19 61 56 90 63 83 
16 32 52 41 54 13 62 96 60 15 4 99 36 80 98 32 87 84 40 17 6 70 41 82 49 23 58 5 21 95 96 16 78 78 79 58 77 50 7 29 81 95 78 76 53 99 84 65 93 8 72 43 29 14 68 55 91 73 22 48 51 86 44 46 77 17 29 16 74 91 69 12 46 93 91 15 49 57 40 52 36 51 87 26 62 55 83 94 80 97 65 65 13 61 78 78 78 40 11 47 
36 83 35 26 85 38 53 29 24 48 23 59 57 66 44 55 18 26 11 25 55 1 49 96 84 15 64 42 75 13 42 96 48 72 26 6 73 29 4 5 26 12 75 93 65 36 36 41 14 94 56 52 36 38 82 55 15 31 30 41 25 11 37 86 90 50 62 34 93 53 16 52 8 62 33 54 3 34 3 56 48 24 17 13 9 28 0 80 18 58 50 55 61 64 3 76 43 9 2 61 
89 48 82 53 74 20 2 23 31 69 78 59 8 19 71 3 45 81 4 92 85 13 98 89 22 38 37 10 61 34 8 61 59 93 15 69 37 69 58 0 71 64 17 15 55 15 30 39 12 88 82 54 85 10 84 74 80 15 51 41 15 79 10 98 73 88 77 32 56 89 13 8 41 90 23 63 28 84 78 0 71 85 74 71 33 67 53 95 68 25 76 29 50 98 9 93 86 80 16 49 
67 28 79 64 21 5 26 16 16 26 66 87 81 64 40 86 21 62 21 64 9 15 2 73 24 41 45 62 23 31 6 68 18 2 7 7 81 12 36 30 14 9 84 56 90 93 96 52 54 45 8 48 91 12 31 14 39 58 22 4 95 52 69 79 38 23 18 66 59 98 86 96 62 33 58 22 46 92 37 25 47 58 2 7 98 30 92 0 78 99 52 48 82 40 15 75 62 67 36 97 
18 97 28 51 16 30 49 25 58 29 20 40 60 47 62 55 75 92 61 54 98 46 14 46 88 69 38 63 75 15 21 75 15 28 34 70 5 64 57 62 61 24 49 69 30 23 50 33 25 10 37 36 37 78 93 36 14 64 91 49 35 5 37 4 37 23 64 70 8 68 81 85 52 73 52 94 76 26 96 72 49 40 74 19 43 11 41 89 19 65 5 85 16 50 15 9 64 66 93 74 
9 0 95 73 89 61 72 68 58 31 68 26 10 22 74 79 10 52 82 91 95 64 74 64 2 55 60 74 72 21 22 47 77 89 5 95 94 50 43 54 81 12 72 39 28 12 62 67 8 15 8 23 59 34 4 86 19 58 45 6 66 0 67 92 87 32 56 74 47 21 83 22 31 76 83 48 23 82 18 76 20 11 82 56 90 25 24 86 77 69 43 34 77 68 68 91 96 83 28 27 
26 71 97 12 3 27 8 45 8 85 38 37 43 13 1 50 28 11 50 49 92 54 69 81 65 67 13 93 34 72 72 30 1 42 77 77 70 2 64 81 90 23 37 23 79 95 69 27 42 10 82 58 26 87 70 28 51 58 13 60 83 86 42 10 72 28 34 41 18 3 67 65 38 81 57 50 14 98 58 61 63 56 7 78 89 35 65 75 86 86 33 60 30 48 28 92 33 40 66 35 
10 99 37 92 82 28 52 69 44 94 8 52 47 32 35 8 64 97 43 49 15 41 89 0 12 48 23 51 74 33 91 0 54 90 97 19 80 78 31 44 40 87 99 25 83 38 92 93 52 11 60 34 40 97 85 29 40 5 91 92 10 49 78 79 71 77 73 93 20 97 26 76 90 82 78 59 18 89 59 49 24 72 80 8 67 8 77 3 70 7 96 74 22 11 19 61 56 90 63 83 
16 32 52 41 54 13 62 96 60 15 4 99 36 80 98 32 87 84 40 17 6 70 41 82 49 23 58 5 21 95 96 16 78 78 79 58 77 50 7 29 81 95 78 76 53 99 84 65 93 8 72 43 29 14 68 55 91 73 22 48 51 86 44 46 77 17 29 16 74 91 69 12 46 93 91 15 49 57 40 52 36 51 87 26 62 55 83 94 80 97 65 65 13 61 78 78 78 40 11 47 
36 83 35 26 85 38 53 29 24 48 23 59 57 66 44 55 18 26 11 25 55 1 49 96 84 15 64 42 75 13 42 96 48 72 26 6 73 29 4 5 26 12 75 93 65 36 36 41 14 94 56 52 36 38 82 55 15 31 30 41 25 11 37 86 90 50 62 34 93 53 16 52 8 62 33 54 3 34 3 56 48 24 17 13 9 28 0 80 18 58 50 55 61 64 3 76 43 9 2 61 
89 48 82 53 74 20 2 23 31 69 78 59 8 19 71 3 45 81 4 92 85 13 98 89 22 38 37 10 61 34 8 61 59 93 15 69 37 69 58 0 71 64 17 15 55 15 30 39 12 88 82 54 85 10 84 74 80 15 51 41 15 79 10 98 73 88 77 32 56 89 13 8 41 90 23 63 28 84 78 0 71 85 74 71 33 67 53 95 68 25 76 29 50 98 9 93 86 80 16 49 
67 28 79 64 21 5 26 16 16 26 66 87 81 64 40 86 21 62 21 64 9 15 2 73 24 41 45 62 23 31 6 68 18 2 7 7 81 12 36 30 14 9 84 56 90 93 96 52 54 45 8 48 91 12 31 14 39 58 22 4 95 52 69 79 38 23 18 66 59 98 86 96 62 33 58 22 46 92 37 25 47 58 2 7 98 30 92 0 78 99 52 48 82 40 15 75 62 67 36 97 
18 97 28 51 16 30 49 25 58 29 20 40 60 47 62 55 75 92 61 54 98 46 14 46 88 69 38 63 75 15 21 75 15 28 34 70 5 64 57 62 61 24 49 69 30 23 50 33 25 10 37 36 37 78 93 36 14 64 91 49 35 5 37 4 37 23 64 70 8 68 81 85 52 73 52 94 76 26 96 72 49 40 74 19 43 11 41 89 19 65 5 85 16 50 15 9 64 66 93 74 
9 0 95 73 89 61 72 68 58 31 68 26 10 22 74 79 10 52 82 91 95 64 74 64 2 55 60 74 72 21 22 47 77 89 5 95 94 50 43 54 81 12 72 39 28 12 62 67 8 15 8 23 59 34 4 86 19 58 45 6 66 0 67 92 87 32 56 74 47 21 83 22 31 76 83 48 23 82 18 76 20 11 82 56 90 25 24 86 77 69 43 34 77 68 68 91 96 83 28 27 
26 71 97 12 3 27 8 45 8 85 38 37 43 13 1 50 28 11 50 49 92 54 69 81 65 67 13 93 34 72 72 30 1 42 77 77 70 2 64 81 90 23 37 23 79 95 69 27 42 10 82 58 26 87 70 28 51 58 13 60 83 86 42 10 72 28 34 41 18 3 67 65 38 81 57 50 14 98 58 61 63 56 7 78 89 35 65 75 86 86 33 60 30 48 28 92 33 40 66 35 
10 99 37 92 82 28 52 69 44 94 8 52 47 32 35 8 64 97 43 49 15 41 89 0 12 48 23 51 74 33 91 0 54 90 97 19 80 78 31 44 40 87 99 25 83 38 92 93 52 11 60 34 40 97 85 29 40 5 91 92 10 49 78 79 71 77 73 93 20 97 26 76 90 82 78 59 18 89 59 49 24 72 80 8 67 8 77 3 70 7 96 74 22 11 19 61 56 90 63 83 
16 32 52 41 54 13 62 96 60 15 4 99 36 80 98 32 87 84 40 17 6 70 41 82 49 23 58 5 21 95 96 16 78 78 79 58 77 50 7 29 81 95 78 76 53 99 84 65 93 8 72 43 29 14 68 55 91 73 22 48 51 86 44 46 77 17 29 16 74 91 69 12 46 93 91 15 49 57 40 52 36 51 87 26 62 55 83 94 80 97 65 65 13 61 78 78 78 40 11 47 
36 83 35 26 85 38 53 29 24 48 23 59 57 66 44 55 18 26 11 25 55 1 49 96 84 15 64 42 75 13 42 96 48 72 26 6 73 29 4 5 26 12 75 93 65 36 36 41 14 94 56 52 36 38 82 55 15 31 30 41 25 11 37 86 90 50 62 34 93 53 16 52 8 62 33 54 3 34 3 56 48 24 17 13 9 28 0 80 18 58 50 55 61 64 3 76 43 9 2 61 
89 48 82 53 74 20 2 23 31 69 78 59 8 19 71 3 45 81 4 92 85 13 98 89 22 38 37 10 61 34 8 61 59 93 15 69 37 69 58 0 71 64 17 15 55 15 30 39 12 88 82 54 85 10 84 74 80 15 51 41 15 79 10 98 73 88 77 32 56 89 13 8 41 90 23 63 28 84 78 0 71 85 74 71 33 67 53 95 68 25 76 29 50 98 9 93 86 80 16 49 
67 28 79 64 21 5 26 16 16 26 66 87 81 64 40 86 21 62 21 64 9 15 2 73 24 41 45 62 23 31 6 68 18 2 7 7 81 12 36 30 14 9 84 56 90 93 96 52 54 45 8 48 91 12 31 14 39 58 22 4 95 52 69 79 38 23 18 66 59 98 86 96 62 33 58 22 46 92 37 25 47 58 2 7 98 30 92 0 78 99 52 48 82 40 15 75 62 67 36 97 
18 97 28 51 16 30 49 25 58 29 20 40 60 47 62 55 75 92 61 54 98 46 14 46 88 69 38 63 75 15 21 75 15 28 34 70 5 64 57 62 61 24 49 69 30 23 50 33 25 10 37 36 37 78 93 36 14 64 91 49 35 5 37 4 37 23 64 70 8 68 81 85 52 73 52 94 76 26 96 72 49 40 74 19 43 11 41 89 19 65 5 85 16 50 15 9 64 66 93 74 
9 0 95 73 89 61 72 68 58 31 68 26 10 22 74 79 10 52 82 91 95 64 74 64 2 55 60 74 72 21 22 47 77 89 5 95 94 50 43 54 81 12 72 39 28 12 62 67 8 15 8 23 59 34 4 86 19 58 45 6 66 0 67 92 87 32 56 74 47 21 83 22 31 76 83 48 23 82 18 76 20 11 82 56 90 25 24 86 77 69 43 34 77 68 68 91 96 83 28 27 
26 71 97 12 3 27 8 45 8 85 38 37 43 13 1 50 28 11 50 49 92 54 69 81 65 67 13 93 34 72 72 30 1 42 77 77 70 2 64 81 90 23 37 23 79 95 69 27 42 10 82 58 26 87 70 28 51 58 13 60 83 86 42 10 72 28 34 41 18 3 67 65 38 81 57 50 14 98 58 61 63 56 7 78 89 35 65 75 86 86 33 60 30 48 28 92 33 40 66 35 
10 99 37 92 82 28 52 69 44 94 8 52 47 32 35 8 64 97 43 49 15 41 89 0 12 48 23 51 74 33 91 0 54 90 97 19 80 78 31 44 40 87 99 25 83 38 92 93 52 11 60 34 40 97 85 29 40 5 91 92 10 49 78 79 71 77 73 93 20 97 26 76 90 82 78 59 18 89 59 49 24 72 80 8 67 8 77 3 70 7 96 74 22 11 19 61 56 90 63 83 
16 32 52 41 54 13 62 96 60 15 4 99 36 80 98 32 87 84 40 17 6 70 41 82 49 23 58 5 21 95 96 16 78 78 79 58 77 50 7 29 81 95 78 76 53 99 84 65 93 8 72 43 29 14 68 55 91 73 22 48 51 86 44 46 77 17 29 16 74 91 69 12 46 93 91 15 49 57 40 52 36 51 87 26 62 55 83 94 80 97 65 65 13 61 78 78 78 40 11 47 
36 83 35 26 85 38 53 29 24 48 23 59 57 66 44 55 18 26 11 25 55 1 49 96 84 15 64 42 75 13 42 96 48 72 26 6 73 29 4 5 26 12 75 93 65 36 36 41 14 94 56 52 36 38 82 55 15 31 30 41 25 11 37 86 90 50 62 34 93 53 16 52 8 62 33 54 3 34 3 56 48 24 17 13 9 28 0 80 18 58 50 55 61 64 3 76 43 9 2 61 
89 48 82 53 74 20 2 23 31 69 78 59 8 19 71 3 45 81 4 92 85 13 98 89 22 38 37 10 61 34 8 61 59 93 15 69 37 69 58 0 71 64 17 15 55 15 30 39 12 88 82 54 85 10 84 74 80 15 51 41 15 79 10 98 73 88 77 32 56 89 13 8 41 90 23 63 28 84 78 0 71 85 74 71 33 67 53 95 68 25 76 29 50 98 9 93 86 80 16 49 
67 28 79 64 21 5 26 16 16 26 66 87 81 64 40 86 21 62 21 64 9 15 2 73 24 41 45 62 23 31 6 68 18 2 7 7 81 12 36 30 14 9 84 56 90 93 96 52 54 45 8 48 91 12 31 14 39 58 22 4 95 52 69 79 38 23 18 66 59 98 86 96 62 33 58 22 46 92 37 25 47 58 2 7 98 30 92 0 78 99 52 48 82 40 15 75 62 67 36 97 
18 97 28 51 16 30 49 25 58 29 20 40 60 47 62 55 75 92 61 54 98 46 14 46 88 69 38 63 75 15 21 75 15 28 34 70 5 64 57 62 61 24 49 69 30 23 50 33 25 10 37 36 37 78 93 36 14 64 91 49 35 5 37 4 37 23 64 70 8 68 81 85 52 73 52 94 76 26 96 72 49 40 74 19 43 11 41 89 19 65 5 85 16 50 15 9 64 66 93 74 
9 0 95 73 89 61 72 68 58 31 68 26 10 22 74 79 10 52 82 91 95 64 74 64 2 55 60 74 72 21 22 47 77 89 5 95 94 50 43 54 81 12 72 39 28 12 62 67 8 15 8 23 59 34 4 86 19 58 45 6 66 0 67 92 87 32 56 74 47 21 83 22 31 76 83 48 23 82 18 76 20 11 82 56 90 25 24 86 77 69 43 34 77 68 68 91 96 83 28 27 
26 71 97 12 3 27 8 45 8 85 38 37 43 13 1 50 28 11 50 49 92 54 69 81 65 67 13 93 34 72 72 30 1 42 77 77 70 2 64 81 90 23 37 23 79 95 69 27 42 10 82 58 26 87 70 28 51 58 13 60 83 86 42 10 72 28 34 41 18 3 67 65 38 81 57 50 14 98 58 61 63 56 7 78 89 35 65 75 86 86 33 60 30 48 28 92 33 40 66 35 
10 99 37 92 82 28 52 69 44 94 8 52 47 32 35 8 64 97 43 49 15 41 89 0 12 48 23 51 74 33 91 0 54 90 97 19 80 78 31 44 40 87 99 25 83 38 92 93 52 11 60 34 40 97 85 29 40 5 91 92 10 49 78 79 71 77 73 93 20 97 26 76 90 82 78 59 18 89 59 49 24 72 80 8 67 8 77 3 70 7 96 74 22 11 19 61 56 90 63 83 
16 32 52 41 54 13 62 96 60 15 4 99 36 80 98 32 87 84 40 17 6 70 41 82 49 23 58 5 21 95 96 16 78 78 79 58 77 50 7 29 81 95 78 76 53 99 84 65 93 8 72 43 29 14 68 55 91 73 22 48 51 86 44 46 77 17 29 16 74 91 69 12 46 93 91 15 49 57 40 52 36 51 87 26 62 55 83 94 80 97 65 65 13 61 78 78 78 40 11 47 
36 83 35 26 85 38 53 29 24 48 23 59 57 66 44 55 18 26 11 25 55 1 49 96 84 15 64 42 75 13 42 96 48 72 26 6 73 29 4 5 26 12 75 93 65 36 36 41 14 94 56 52 36 38 82 55 15 31 30 41 25 11 37 86 90 50 62 34 93 53 16 52 8 62 33 54 3 34 3 56 48 24 17 13 9 28 0 80 18 58 50 55 61 64 3 76 43 9 2 61 
89 48 82 53 74 20 2 23 31 69 78 59 8 19 71 3 45 81 4 92 85 13 98 89 22 38 37 10 61 34 8 61 59 93 15 69 37 69 58 0 71 64 17 15 55 15 30 39 12 88 82 54 85 10 84 74 80 15 51 41 15 79 10 98 73 88 77 32 56 89 13 8 41 90 23 63 28 84 78 0 71 85 74 71 33 67 53 95 68 25 76 29 50 98 9 93 86 80 16 49 
67 28 79 64 21 5 26 16 16 26 66 87 81 64 40 86 21 62 21 64 9 15 2 73 24 41 45 62 23 31 6 68 18 2 7 7 81 12 36 30 14 9 84 56 90 93 96 52 54 45 8 48 91 12 31 14 39 58 22 4 95 52 69 79 38 23 18 66 59 98 86 96 62 33 58 22 46 92 37 25 47 58 2 7 98 30 92 0 78 99 52 48 82 40 15 75 62 67 36 97 
18 97 28 51 16 30 49 25 58 29 20 40 60 47 62 55 75 92 61 54 98 46 14 46 88 69 38 63 75 15 21 75 15 28 34 70 5 64 57 62 61 24 49 69 30 23 50 33 25 10 37 36 37 78 93 36 14 64 91 49 35 5 37 4 37 23 64 70 8 68 81 85 52 73 52 94 76 26 96 72 49 40 74 19 43 11 41 89 19 65 5 85 16 50 15 9 64 66 93 74 
9 0 95 73 89 61 72 68 58 31 68 26 10 22 74 79 10 52 82 91 95 64 74 64 2 55 60 74 72 21 22 47 77 89 5 95 94 50 43 54 81 12 72 39 28 12 62 67 8 15 8 23 59 34 4 86 19 58 45 6 66 0 67 92 87 32 56 74 47 21 83 22 31 76 83 48 23 82 18 76 20 11 82 56 90 25 24 86 77 69 43 34 77 68 68 91 96 83 28 27 
26 71 97 12 3 27 8 45 8 85 38 37 43 13 1 50 28 11 50 49 92 54 69 81 65 67 13 93 34 72 72 30 1 42 77 77 70 2 64 81 90 23 37 23 79 95 69 27 42 10 82 58 26 87 70 28 51 58 13 60 83 86 42 10 72 28 34 41 18 3 67 65 38 81 57 50 14 98 58 61 63 56 7 78 89 35 65 75 86 86 33 60 30 48 28 92 33 40 66 35 
10 99 37 92 82 28 52 69 44 94 8 52 47 32 35 8 64 97 43 49 15 41 89 0 12 48 23 51 74 33 91 0 54 90 97 19 80 78 31 44 40 87 99 25 83 38 92 93 52 11 60 34 40 97 85 29 40 5 91 92 10 49 78 79 71 77 73 93 20 97 26 76 90 82 78 59 18 89 59 49 24 72 80 8 67 8 77 3 70 7 96 74 22 11 19 61 56 90 63 83 
16 32 52 41 54 13 62 96 60 15 4 99 36 80 98 32 87 84 40 17 6 70 41 82 49 23 58 5 21 95 96 16 78 78 79 58 77 50 7 29 81 95 78 76 53 99 84 65 93 8 72 43 29 14 68 55 91 73 22 48 51 86 44 46 77 17 29 16 74 91 69 12 46 93 91 15 49 57 40 52 36 51 87 26 62 55 83 94 80 97 65 65 13 61 78 78 78 40 11 47 
36 83 35 26 85 38 53 29 24 48 23 59 57 66 44 55 18 26 11 25 55 1 49 96 84 15 64 42 75 13 42 96 48 72 26 6 73 29 4 5 26 12 75 93 65 36 36 41 14 94 56 52 36 38 82 55 15 31 30 41 25 11 37 86 90 50 62 34 93 53 16 52 8 62 33 54 3 34 3 56 48 24 17 13 9 28 0 80 18 58 50 55 61 64 3 76 43 9 2 61 
89 48 82 53 74 20 2 23 31 69 78 59 8 19 71 3 45 81 4 92 85 13 98 89 22 38 37 10 61 34 8 61 59 93 15 69 37 69 58 0 71 64 17 15 55 15 30 39 12 88 82 54 85 10 84 74 80 15 51 41 15 79 10 98 73 88 77 32 56 89 13 8 41 90 23 63 28 84 78 0 71 85 74 71 33 67 53 95 68 25 76 29 50 98 9 93 86 80 16 49 
67 28 79 64 21 5 26 16 16 26 66 87 81 64 40 86 21 62 21 64 9 15 2 73 24 41 45 62 23 31 6 68 18 2 7 7 81 12 36 30 14 9 84 56 90 93 96 52 54 45 8 48 91 12 31 14 39 58 22 4 95 52 69 79 38 23 18 66 59 98 86 96 62 33 58 22 46 92 37 25 47 58 2 7 98 30 92 0 78 99 52 48 82 40 15 75 62 67 36 97 
18 97 28 51 16 30 49 25 58 29 20 40 60 47 62 55 75 92 61 54 98 46 14 46 88 69 38 63 75 15 21 75 15 28 34 70 5 64 57 62 61 24 49 69 30 23 50 33 25 10 37 36 37 78 93 36 14 64 91 49 35 5 37 4 37 23 64 70 8 68 81 85 52 73 52 94 76 26 96 72 49 40 74 19 43 11 41 89 19 65 5 85 16 50 15 9 64 66 93 74 
9 0 95 73 89 61 72 68 58 31 68 26 10 22 74 79 10 52 82 91 95 64 74 64 2 55 60 74 72 21 22 47 77 89 5 95 94 50 43 54 81 12 72 39 28 12 62 67 8 15 8 23 59 34 4 86 19 58 45 6 66 0 67 92 87 32 56 74 47 21 83 22 31 76 83 48 23 82 18 76 20 11 82 56 90 25 24 86 77 69 43 34 77 68 68 91 96 83 28 27 
26 71 97 12 3 27 8 45 8 85 38 37 43 13 1 50 28 11 50 49 92 54 69 81 65 67 13 93 34 72 72 30 1 42 77 77 70 2 64 81 90 23 37 23 79 95 69 27 42 10 82 58 26 87 70 28 51 58 13 60 83 86 42 10 72 28 34 41 18 3 67 65 38 81 57 50 14 98 58 61 63 56 7 78 89 35 65 75 86 86 33 60 30 48 28 92 33 40 66 35 
10 99 37 92 82 28 52 69 44 94 8 52 47 32 35 8 64 97 43 49 15 41 89 0 12 48 23 51 74 33 91 0 54 90 97 19 80 78 31 44 40 87 99 25 83 38 92 93 52 11 60 34 40 97 85 29 40 5 91 92 10 49 78 79 71 77 73 93 20 97 26 76 90 82 78 59 18 89 59 49 24 72 80 8 67 8 77 3 70 7 96 74 22 11 19 61 56 90 63 83 
16 32 52 41 54 13 62 96 60 15 4 99 36 80 98 32 87 84 40 17 6 70 41 82 49 23 58 5 21 95 96 16 78 78 79 58 77 50 7 29 81 95 78 76 53 99 84 65 93 8 72 43 29 14 68 55 91 73 22 48 51 86 44 46 77 17 29 16 74 91 69 12 46 93 91 15 49 57 40 52 36 51 87 26 62 55 83 94 80 97 65 65 13 61 78 78 78 40 11 47 
