33 86 17 9 57 73 57 6 44 58 5 20 47 27 86 25 50 4 10 1 7 62 40 55 23 15 46 53 89 89 7 86 68 21 34 82 91 9 24 87 3 29 66 19 49 7 59 32 81 62 
91 55 95 24 88 68 87 14 91 94 22 43 30 22 22 83 37 52 86 27 63 42 59 94 58 27 26 26 69 95 20 11 81 94 50 35 46 22 52 59 24 96 16 0 81 33 99 58 72 33 
80 33 83 25 72 37 21 46 0 3 19 97 5 96 40 28 41 22 2 24 94 77 20 69 40 48 85 71 38 80 81 27 34 36 42 25 33 29 92 23 49 31 22 54 13 17 61 79 88 14 
17 44 61 21 75 36 14 50 44 21 17 49 36 80 28 55 43 27 44 38 2 58 3 78 37 50 51 65 91 53 30 87 99 53 1 2 21 37 46 11 8 61 14 82 31 26 93 18 62 85 
3 85 43 30 46 83 32 65 37 89 10 8 61 52 66 51 66 53 15 24 96 7 1 73 46 58 28 76 19 91 28 85 15 82 35 37 16 27 91 47 53 28 27 79 59 29 48 6 79 65 
2 34 72 55 28 46 62 86 75 33 69 42 44 16 81 98 22 51 21 99 57 76 92 89 75 12 0 10 3 69 61 88 1 89 55 23 2 85 82 85 88 26 17 57 32 32 69 54 21 89 
76 29 68 92 25 55 34 49 41 12 45 60 18 53 39 23 79 96 87 29 49 37 66 49 93 95 97 16 86 5 88 82 55 34 14 1 16 71 86 63 13 55 85 53 12 8 32 45 13 56 
21 58 46 82 81 44 96 22 29 61 35 50 73 66 44 59 92 39 53 24 54 10 45 49 86 13 74 22 68 18 87 5 58 91 2 25 77 14 14 24 34 74 72 59 33 70 87 97 18 77 
73 70 63 68 92 85 2 80 13 27 2 99 27 25 43 24 23 72 61 81 3 32 5 93 25 31 92 42 22 86 64 0 87 60 13 74 70 70 35 33 11 60 96 67 85 50 40 94 95 24 
19 25 76 94 58 2 71 66 78 93 51 84 18 64 19 52 0 87 60 26 10 57 70 15 76 27 43 58 64 9 82 86 65 87 77 74 25 27 29 28 23 20 2 62 23 96 37 61 95 25 
9 16 35 51 0 49 19 56 98 3 24 8 44 9 89 2 95 85 93 43 23 87 14 3 48 0 58 18 80 96 98 81 89 98 9 57 72 22 38 92 38 79 90 57 58 91 15 88 56 11 
2 34 72 55 28 46 62 86 75 33 69 42 44 16 81 98 22 51 21 99 57 76 92 89 75 12 0 10 3 69 61 88 1 89 55 23 2 85 82 85 88 26 17 57 32 32 69 54 21 89 
76 29 68 92 25 55 34 49 41 12 45 60 18 53 39 23 79 96 87 29 49 37 66 49 93 95 97 16 86 5 88 82 55 34 14 1 16 71 86 63 13 55 85 53 12 8 32 45 13 56 
21 58 46 82 81 44 96 22 29 61 35 50 73 66 44 59 92 39 53 24 54 10 45 49 86 13 74 22 68 18 87 5 58 91 2 25 77 14 14 24 34 74 72 59 33 70 87 97 18 77 
9 16 35 51 0 49 19 56 98 3 24 8 44 9 89 2 95 85 93 43 23 87 14 3 48 0 58 18 80 96 98 81 89 98 9 57 72 22 38 92 38 79 90 57 58 91 15 88 56 11 
2 34 72 55 28 46 62 86 75 33 69 42 44 16 81 98 22 51 21 99 57 76 92 89 75 12 0 10 3 69 61 88 1 89 55 23 2 85 82 85 88 26 17 57 32 32 69 54 21 89 
76 29 68 92 25 55 34 49 41 12 45 60 18 53 39 23 79 96 87 29 49 37 66 49 93 95 97 16 86 5 88 82 55 34 14 1 16 71 86 63 13 55 85 53 12 8 32 45 13 56 
21 58 46 82 81 44 96 22 29 61 35 50 73 66 44 59 92 39 53 24 54 10 45 49 86 13 74 22 68 18 87 5 58 91 2 25 77 14 14 24 34 74 72 59 33 70 87 97 18 77 
9 16 35 51 0 49 19 56 98 3 24 8 44 9 89 2 95 85 93 43 23 87 14 3 48 0 58 18 80 96 98 81 89 98 9 57 72 22 38 92 38 79 90 57 58 91 15 88 56 11 
2 34 72 55 28 46 62 86 75 33 69 42 44 16 81 98 22 51 21 99 57 76 92 89 75 12 0 10 3 69 61 88 1 89 55 23 2 85 82 85 88 26 17 57 32 32 69 54 21 89 
76 29 68 92 25 55 34 49 41 12 45 60 18 53 39 23 79 96 87 29 49 37 66 49 93 95 97 16 86 5 88 82 55 34 14 1 16 71 86 63 13 55 85 53 12 8 32 45 13 56 
21 58 46 82 81 44 96 22 29 61 35 50 73 66 44 59 92 39 53 24 54 10 45 49 86 13 74 22 68 18 87 5 58 91 2 25 77 14 14 24 34 74 72 59 33 70 87 97 18 77 
9 16 35 51 0 49 19 56 98 3 24 8 44 9 89 2 95 85 93 43 23 87 14 3 48 0 58 18 80 96 98 81 89 98 9 57 72 22 38 92 38 79 90 57 58 91 15 88 56 11 
2 34 72 55 28 46 62 86 75 33 69 42 44 16 81 98 22 51 21 99 57 76 92 89 75 12 0 10 3 69 61 88 1 89 55 23 2 85 82 85 88 26 17 57 32 32 69 54 21 89 
76 29 68 92 25 55 34 49 41 12 45 60 18 53 39 23 79 96 87 29 49 37 66 49 93 95 97 16 86 5 88 82 55 34 14 1 16 71 86 63 13 55 85 53 12 8 32 45 13 56 
21 58 46 82 81 44 96 22 29 61 35 50 73 66 44 59 92 39 53 24 54 10 45 49 86 13 74 22 68 18 87 5 58 91 2 25 77 14 14 24 34 74 72 59 33 70 87 97 18 77 
9 16 35 51 0 49 19 56 98 3 24 8 44 9 89 2 95 85 93 43 23 87 14 3 48 0 58 18 80 96 98 81 89 98 9 57 72 22 38 92 38 79 90 57 58 91 15 88 56 11 
2 34 72 55 28 46 62 86 75 33 69 42 44 16 81 98 22 51 21 99 57 76 92 89 75 12 0 10 3 69 61 88 1 89 55 23 2 85 82 85 88 26 17 57 32 32 69 54 21 89 
76 29 68 92 25 55 34 49 41 12 45 60 18 53 39 23 79 96 87 29 49 37 66 49 93 95 97 16 86 5 88 82 55 34 14 1 16 71 86 63 13 55 85 53 12 8 32 45 13 56 
21 58 46 82 81 44 96 22 29 61 35 50 73 66 44 59 92 39 53 24 54 10 45 49 86 13 74 22 68 18 87 5 58 91 2 25 77 14 14 24 34 74 72 59 33 70 87 97 18 77 
9 16 35 51 0 49 19 56 98 3 24 8 44 9 89 2 95 85 93 43 23 87 14 3 48 0 58 18 80 96 98 81 89 98 9 57 72 22 38 92 38 79 90 57 58 91 15 88 56 11 
2 34 72 55 28 46 62 86 75 33 69 42 44 16 81 98 22 51 21 99 57 76 92 89 75 12 0 10 3 69 61 88 1 89 55 23 2 85 82 85 88 26 17 57 32 32 69 54 21 89 
76 29 68 92 25 55 34 49 41 12 45 60 18 53 39 23 79 96 87 29 49 37 66 49 93 95 97 16 86 5 88 82 55 34 14 1 16 71 86 63 13 55 85 53 12 8 32 45 13 56 
21 58 46 82 81 44 96 22 29 61 35 50 73 66 44 59 92 39 53 24 54 10 45 49 86 13 74 22 68 18 87 5 58 91 2 25 77 14 14 24 34 74 72 59 33 70 87 97 18 77 
9 16 35 51 0 49 19 56 98 3 24 8 44 9 89 2 95 85 93 43 23 87 14 3 48 0 58 18 80 96 98 81 89 98 9 57 72 22 38 92 38 79 90 57 58 91 15 88 56 11 
2 34 72 55 28 46 62 86 75 33 69 42 44 16 81 98 22 51 21 99 57 76 92 89 75 12 0 10 3 69 61 88 1 89 55 23 2 85 82 85 88 26 17 57 32 32 69 54 21 89 
76 29 68 92 25 55 34 49 41 12 45 60 18 53 39 23 79 96 87 29 49 37 66 49 93 95 97 16 86 5 88 82 55 34 14 1 16 71 86 63 13 55 85 53 12 8 32 45 13 56 
21 58 46 82 81 44 96 22 29 61 35 50 73 66 44 59 92 39 53 24 54 10 45 49 86 13 74 22 68 18 87 5 58 91 2 25 77 14 14 24 34 74 72 59 33 70 87 97 18 77 
9 16 35 51 0 49 19 56 98 3 24 8 44 9 89 2 95 85 93 43 23 87 14 3 48 0 58 18 80 96 98 81 89 98 9 57 72 22 38 92 38 79 90 57 58 91 15 88 56 11 
2 34 72 55 28 46 62 86 75 33 69 42 44 16 81 98 22 51 21 99 57 76 92 89 75 12 0 10 3 69 61 88 1 89 55 23 2 85 82 85 88 26 17 57 32 32 69 54 21 89 
76 29 68 92 25 55 34 49 41 12 45 60 18 53 39 23 79 96 87 29 49 37 66 49 93 95 97 16 86 5 88 82 55 34 14 1 16 71 86 63 13 55 85 53 12 8 32 45 13 56 
21 58 46 82 81 44 96 22 29 61 35 50 73 66 44 59 92 39 53 24 54 10 45 49 86 13 74 22 68 18 87 5 58 91 2 25 77 14 14 24 34 74 72 59 33 70 87 97 18 77 
9 16 35 51 0 49 19 56 98 3 24 8 44 9 89 2 95 85 93 43 23 87 14 3 48 0 58 18 80 96 98 81 89 98 9 57 72 22 38 92 38 79 90 57 58 91 15 88 56 11 
2 34 72 55 28 46 62 86 75 33 69 42 44 16 81 98 22 51 21 99 57 76 92 89 75 12 0 10 3 69 61 88 1 89 55 23 2 85 82 85 88 26 17 57 32 32 69 54 21 89 
76 29 68 92 25 55 34 49 41 12 45 60 18 53 39 23 79 96 87 29 49 37 66 49 93 95 97 16 86 5 88 82 55 34 14 1 16 71 86 63 13 55 85 53 12 8 32 45 13 56 
21 58 46 82 81 44 96 22 29 61 35 50 73 66 44 59 92 39 53 24 54 10 45 49 86 13 74 22 68 18 87 5 58 91 2 25 77 14 14 24 34 74 72 59 33 70 87 97 18 77 
9 16 35 51 0 49 19 56 98 3 24 8 44 9 89 2 95 85 93 43 23 87 14 3 48 0 58 18 80 96 98 81 89 98 9 57 72 22 38 92 38 79 90 57 58 91 15 88 56 11 
2 34 72 55 28 46 62 86 75 33 69 42 44 16 81 98 22 51 21 99 57 76 92 89 75 12 0 10 3 69 61 88 1 89 55 23 2 85 82 85 88 26 17 57 32 32 69 54 21 89 
76 29 68 92 25 55 34 49 41 12 45 60 18 53 39 23 79 96 87 29 49 37 66 49 93 95 97 16 86 5 88 82 55 34 14 1 16 71 86 63 13 55 85 53 12 8 32 45 13 56 
21 58 46 82 81 44 96 22 29 61 35 50 73 66 44 59 92 39 53 24 54 10 45 49 86 13 74 22 68 18 87 5 58 91 2 25 77 14 14 24 34 74 72 59 33 70 87 97 18 77 
