73785 86962 131660 154737 90430 112375 125728 114578 125709 75135 95981 99766 97083 90332 131204 111815 151240 144984 133610 103627 109685 107941 127771 121897 170894 79521 128803 44707 131071 99635 174537 138532 108607 165716 51868 56064 87053 109713 129562 139480 92631 125841 137124 122510 73882 97396 124958 149187 65374 138003 
82270 90008 146629 169235 93309 124373 128181 132612 145093 71677 105465 109907 103417 95481 148918 117737 167771 166007 154071 120465 116043 129604 137005 132232 185149 87141 144112 48267 146889 118274 197296 159254 126616 184149 55542 63182 95793 125270 146076 159576 102752 142305 155463 137755 84192 110512 132220 167388 75458 146264 
78787 95456 146688 171677 99323 124472 136226 132100 148244 83712 105024 111168 108549 101146 151643 119311 170504 166198 153164 115657 118817 130188 136515 129206 187053 83541 145418 55764 151115 121707 200396 161221 130237 191714 60431 72614 103629 117909 142670 159217 104094 142710 154725 140934 87237 120630 135256 172203 85663 146076 
65511 87692 120453 152741 92553 109032 122049 108650 122986 73612 86913 96526 101311 91807 132758 98153 158045 140875 134795 94849 98271 107459 111791 106947 162123 67399 135533 49252 138695 102332 178655 131081 121435 167910 43977 67272 104509 94291 111633 133358 85024 129469 145920 125063 77431 112478 119642 158390 74045 128117 
65285 88021 132607 151996 87503 116016 125403 124022 138620 70558 99763 97200 102884 86606 148252 116019 154744 145708 133258 115517 107911 126467 129992 125085 170014 70139 125028 46623 133140 118656 180158 153127 113693 176121 55387 64785 93992 113974 132843 153927 102870 128679 140780 128895 80029 105907 128492 156965 72399 142951 
87191 95454 141067 170854 101297 121970 130364 121137 128321 82620 97822 112947 100986 102179 133917 111049 164089 160870 148826 103907 115011 108909 130436 127091 182406 93234 149592 52727 146134 101224 189462 144232 123585 172974 52830 62809 96449 114999 136927 142826 89934 136365 153372 133093 80011 105399 128925 160410 76269 141389 
76986 82607 127468 151990 88202 108675 112235 111611 123818 69029 87008 100738 90511 94252 125869 94267 153078 148584 140098 92894 99574 110041 112505 108593 162261 82396 138691 51892 141937 99715 176523 139892 122567 159458 47083 61177 91956 100677 123682 133326 80299 127456 141227 124013 73974 102536 114136 148276 76885 122784 
72339 92713 137773 169547 102203 117545 131474 125913 137868 78874 98436 110863 108344 100394 143429 112054 167131 158252 149818 111691 106371 121503 124963 121174 178779 74359 146372 53512 148108 112779 197893 145056 133410 187452 50912 72237 108777 109559 125543 145063 96180 141992 155347 139983 85405 125204 132235 174719 82385 140553 
65267 89653 134073 159464 97280 112482 131667 122656 131869 79511 99481 103966 104452 89935 137210 120293 150013 145963 134251 115007 106329 113343 129432 125828 172695 68187 126234 45638 127705 106811 181043 137110 113127 180058 54010 63939 94182 111727 123984 140420 100057 129611 137974 129931 80443 111943 131854 161227 70523 142977 
78965 92178 139887 172887 98304 124098 126683 129298 138586 70283 99492 110876 108236 98207 147709 109418 175506 165048 157216 116495 110031 123328 125647 125001 182164 81224 153425 49367 150562 115851 203282 147356 135340 186705 46250 67771 108498 117260 133399 151719 97211 147719 166252 141849 87118 121040 130368 177138 77242 142118 
87191 95454 141067 170854 101297 121970 130364 121137 128321 82620 97822 112947 100986 102179 133917 111049 164089 160870 148826 103907 115011 108909 130436 127091 182406 93234 149592 52727 146134 101224 189462 144232 123585 172974 52830 62809 96449 114999 136927 142826 89934 136365 153372 133093 80011 105399 128925 160410 76269 141389 
76986 82607 127468 151990 88202 108675 112235 111611 123818 69029 87008 100738 90511 94252 125869 94267 153078 148584 140098 92894 99574 110041 112505 108593 162261 82396 138691 51892 141937 99715 176523 139892 122567 159458 47083 61177 91956 100677 123682 133326 80299 127456 141227 124013 73974 102536 114136 148276 76885 122784 
72339 92713 137773 169547 102203 117545 131474 125913 137868 78874 98436 110863 108344 100394 143429 112054 167131 158252 149818 111691 106371 121503 124963 121174 178779 74359 146372 53512 148108 112779 197893 145056 133410 187452 50912 72237 108777 109559 125543 145063 96180 141992 155347 139983 85405 125204 132235 174719 82385 140553 
65267 89653 134073 159464 97280 112482 131667 122656 131869 79511 99481 103966 104452 89935 137210 120293 150013 145963 134251 115007 106329 113343 129432 125828 172695 68187 126234 45638 127705 106811 181043 137110 113127 180058 54010 63939 94182 111727 123984 140420 100057 129611 137974 129931 80443 111943 131854 161227 70523 142977 
87191 95454 141067 170854 101297 121970 130364 121137 128321 82620 97822 112947 100986 102179 133917 111049 164089 160870 148826 103907 115011 108909 130436 127091 182406 93234 149592 52727 146134 101224 189462 144232 123585 172974 52830 62809 96449 114999 136927 142826 89934 136365 153372 133093 80011 105399 128925 160410 76269 141389 
76986 82607 127468 151990 88202 108675 112235 111611 123818 69029 87008 100738 90511 94252 125869 94267 153078 148584 140098 92894 99574 110041 112505 108593 162261 82396 138691 51892 141937 99715 176523 139892 122567 159458 47083 61177 91956 100677 123682 133326 80299 127456 141227 124013 73974 102536 114136 148276 76885 122784 
72339 92713 137773 169547 102203 117545 131474 125913 137868 78874 98436 110863 108344 100394 143429 112054 167131 158252 149818 111691 106371 121503 124963 121174 178779 74359 146372 53512 148108 112779 197893 145056 133410 187452 50912 72237 108777 109559 125543 145063 96180 141992 155347 139983 85405 125204 132235 174719 82385 140553 
65267 89653 134073 159464 97280 112482 131667 122656 131869 79511 99481 103966 104452 89935 137210 120293 150013 145963 134251 115007 106329 113343 129432 125828 172695 68187 126234 45638 127705 106811 181043 137110 113127 180058 54010 63939 94182 111727 123984 140420 100057 129611 137974 129931 80443 111943 131854 161227 70523 142977 
87191 95454 141067 170854 101297 121970 130364 121137 128321 82620 97822 112947 100986 102179 133917 111049 164089 160870 148826 103907 115011 108909 130436 127091 182406 93234 149592 52727 146134 101224 189462 144232 123585 172974 52830 62809 96449 114999 136927 142826 89934 136365 153372 133093 80011 105399 128925 160410 76269 141389 
76986 82607 127468 151990 88202 108675 112235 111611 123818 69029 87008 100738 90511 94252 125869 94267 153078 148584 140098 92894 99574 110041 112505 108593 162261 82396 138691 51892 141937 99715 176523 139892 122567 159458 47083 61177 91956 100677 123682 133326 80299 127456 141227 124013 73974 102536 114136 148276 76885 122784 
72339 92713 137773 169547 102203 117545 131474 125913 137868 78874 98436 110863 108344 100394 143429 112054 167131 158252 149818 111691 106371 121503 124963 121174 178779 74359 146372 53512 148108 112779 197893 145056 133410 187452 50912 72237 108777 109559 125543 145063 96180 141992 155347 139983 85405 125204 132235 174719 82385 140553 
65267 89653 134073 159464 97280 112482 131667 122656 131869 79511 99481 103966 104452 89935 137210 120293 150013 145963 134251 115007 106329 113343 129432 125828 172695 68187 126234 45638 127705 106811 181043 137110 113127 180058 54010 63939 94182 111727 123984 140420 100057 129611 137974 129931 80443 111943 131854 161227 70523 142977 
87191 95454 141067 170854 101297 121970 130364 121137 128321 82620 97822 112947 100986 102179 133917 111049 164089 160870 148826 103907 115011 108909 130436 127091 182406 93234 149592 52727 146134 101224 189462 144232 123585 172974 52830 62809 96449 114999 136927 142826 89934 136365 153372 133093 80011 105399 128925 160410 76269 141389 
76986 82607 127468 151990 88202 108675 112235 111611 123818 69029 87008 100738 90511 94252 125869 94267 153078 148584 140098 92894 99574 110041 112505 108593 162261 82396 138691 51892 141937 99715 176523 139892 122567 159458 47083 61177 91956 100677 123682 133326 80299 127456 141227 124013 73974 102536 114136 148276 76885 122784 
72339 92713 137773 169547 102203 117545 131474 125913 137868 78874 98436 110863 108344 100394 143429 112054 167131 158252 149818 111691 106371 121503 124963 121174 178779 74359 146372 53512 148108 112779 197893 145056 133410 187452 50912 72237 108777 109559 125543 145063 96180 141992 155347 139983 85405 125204 132235 174719 82385 140553 
65267 89653 134073 159464 97280 112482 131667 122656 131869 79511 99481 103966 104452 89935 137210 120293 150013 145963 134251 115007 106329 113343 129432 125828 172695 68187 126234 45638 127705 106811 181043 137110 113127 180058 54010 63939 94182 111727 123984 140420 100057 129611 137974 129931 80443 111943 131854 161227 70523 142977 
87191 95454 141067 170854 101297 121970 130364 121137 128321 82620 97822 112947 100986 102179 133917 111049 164089 160870 148826 103907 115011 108909 130436 127091 182406 93234 149592 52727 146134 101224 189462 144232 123585 172974 52830 62809 96449 114999 136927 142826 89934 136365 153372 133093 80011 105399 128925 160410 76269 141389 
76986 82607 127468 151990 88202 108675 112235 111611 123818 69029 87008 100738 90511 94252 125869 94267 153078 148584 140098 92894 99574 110041 112505 108593 162261 82396 138691 51892 141937 99715 176523 139892 122567 159458 47083 61177 91956 100677 123682 133326 80299 127456 141227 124013 73974 102536 114136 148276 76885 122784 
72339 92713 137773 169547 102203 117545 131474 125913 137868 78874 98436 110863 108344 100394 143429 112054 167131 158252 149818 111691 106371 121503 124963 121174 178779 74359 146372 53512 148108 112779 197893 145056 133410 187452 50912 72237 108777 109559 125543 145063 96180 141992 155347 139983 85405 125204 132235 174719 82385 140553 
65267 89653 134073 159464 97280 112482 131667 122656 131869 79511 99481 103966 104452 89935 137210 120293 150013 145963 134251 115007 106329 113343 129432 125828 172695 68187 126234 45638 127705 106811 181043 137110 113127 180058 54010 63939 94182 111727 123984 140420 100057 129611 137974 129931 80443 111943 131854 161227 70523 142977 
87191 95454 141067 170854 101297 121970 130364 121137 128321 82620 97822 112947 100986 102179 133917 111049 164089 160870 148826 103907 115011 108909 130436 127091 182406 93234 149592 52727 146134 101224 189462 144232 123585 172974 52830 62809 96449 114999 136927 142826 89934 136365 153372 133093 80011 105399 128925 160410 76269 141389 
76986 82607 127468 151990 88202 108675 112235 111611 123818 69029 87008 100738 90511 94252 125869 94267 153078 148584 140098 92894 99574 110041 112505 108593 162261 82396 138691 51892 141937 99715 176523 139892 122567 159458 47083 61177 91956 100677 123682 133326 80299 127456 141227 124013 73974 102536 114136 148276 76885 122784 
72339 92713 137773 169547 102203 117545 131474 125913 137868 78874 98436 110863 108344 100394 143429 112054 167131 158252 149818 111691 106371 121503 124963 121174 178779 74359 146372 53512 148108 112779 197893 145056 133410 187452 50912 72237 108777 109559 125543 145063 96180 141992 155347 139983 85405 125204 132235 174719 82385 140553 
65267 89653 134073 159464 97280 112482 131667 122656 131869 79511 99481 103966 104452 89935 137210 120293 150013 145963 134251 115007 106329 113343 129432 125828 172695 68187 126234 45638 127705 106811 181043 137110 113127 180058 54010 63939 94182 111727 123984 140420 100057 129611 137974 129931 80443 111943 131854 161227 70523 142977 
87191 95454 141067 170854 101297 121970 130364 121137 128321 82620 97822 112947 100986 102179 133917 111049 164089 160870 148826 103907 115011 108909 130436 127091 182406 93234 149592 52727 146134 101224 189462 144232 123585 172974 52830 62809 96449 114999 136927 142826 89934 136365 153372 133093 80011 105399 128925 160410 76269 141389 
76986 82607 127468 151990 88202 108675 112235 111611 123818 69029 87008 100738 90511 94252 125869 94267 153078 148584 140098 92894 99574 110041 112505 108593 162261 82396 138691 51892 141937 99715 176523 139892 122567 159458 47083 61177 91956 100677 123682 133326 80299 127456 141227 124013 73974 102536 114136 148276 76885 122784 
72339 92713 137773 169547 102203 117545 131474 125913 137868 78874 98436 110863 108344 100394 143429 112054 167131 158252 149818 111691 106371 121503 124963 121174 178779 74359 146372 53512 148108 112779 197893 145056 133410 187452 50912 72237 108777 109559 125543 145063 96180 141992 155347 139983 85405 125204 132235 174719 82385 140553 
65267 89653 134073 159464 97280 112482 131667 122656 131869 79511 99481 103966 104452 89935 137210 120293 150013 145963 134251 115007 106329 113343 129432 125828 172695 68187 126234 45638 127705 106811 181043 137110 113127 180058 54010 63939 94182 111727 123984 140420 100057 129611 137974 129931 80443 111943 131854 161227 70523 142977 
87191 95454 141067 170854 101297 121970 130364 121137 128321 82620 97822 112947 100986 102179 133917 111049 164089 160870 148826 103907 115011 108909 130436 127091 182406 93234 149592 52727 146134 101224 189462 144232 123585 172974 52830 62809 96449 114999 136927 142826 89934 136365 153372 133093 80011 105399 128925 160410 76269 141389 
76986 82607 127468 151990 88202 108675 112235 111611 123818 69029 87008 100738 90511 94252 125869 94267 153078 148584 140098 92894 99574 110041 112505 108593 162261 82396 138691 51892 141937 99715 176523 139892 122567 159458 47083 61177 91956 100677 123682 133326 80299 127456 141227 124013 73974 102536 114136 148276 76885 122784 
72339 92713 137773 169547 102203 117545 131474 125913 137868 78874 98436 110863 108344 100394 143429 112054 167131 158252 149818 111691 106371 121503 124963 121174 178779 74359 146372 53512 148108 112779 197893 145056 133410 187452 50912 72237 108777 109559 125543 145063 96180 141992 155347 139983 85405 125204 132235 174719 82385 140553 
65267 89653 134073 159464 97280 112482 131667 122656 131869 79511 99481 103966 104452 89935 137210 120293 150013 145963 134251 115007 106329 113343 129432 125828 172695 68187 126234 45638 127705 106811 181043 137110 113127 180058 54010 63939 94182 111727 123984 140420 100057 129611 137974 129931 80443 111943 131854 161227 70523 142977 
87191 95454 141067 170854 101297 121970 130364 121137 128321 82620 97822 112947 100986 102179 133917 111049 164089 160870 148826 103907 115011 108909 130436 127091 182406 93234 149592 52727 146134 101224 189462 144232 123585 172974 52830 62809 96449 114999 136927 142826 89934 136365 153372 133093 80011 105399 128925 160410 76269 141389 
76986 82607 127468 151990 88202 108675 112235 111611 123818 69029 87008 100738 90511 94252 125869 94267 153078 148584 140098 92894 99574 110041 112505 108593 162261 82396 138691 51892 141937 99715 176523 139892 122567 159458 47083 61177 91956 100677 123682 133326 80299 127456 141227 124013 73974 102536 114136 148276 76885 122784 
72339 92713 137773 169547 102203 117545 131474 125913 137868 78874 98436 110863 108344 100394 143429 112054 167131 158252 149818 111691 106371 121503 124963 121174 178779 74359 146372 53512 148108 112779 197893 145056 133410 187452 50912 72237 108777 109559 125543 145063 96180 141992 155347 139983 85405 125204 132235 174719 82385 140553 
65267 89653 134073 159464 97280 112482 131667 122656 131869 79511 99481 103966 104452 89935 137210 120293 150013 145963 134251 115007 106329 113343 129432 125828 172695 68187 126234 45638 127705 106811 181043 137110 113127 180058 54010 63939 94182 111727 123984 140420 100057 129611 137974 129931 80443 111943 131854 161227 70523 142977 
87191 95454 141067 170854 101297 121970 130364 121137 128321 82620 97822 112947 100986 102179 133917 111049 164089 160870 148826 103907 115011 108909 130436 127091 182406 93234 149592 52727 146134 101224 189462 144232 123585 172974 52830 62809 96449 114999 136927 142826 89934 136365 153372 133093 80011 105399 128925 160410 76269 141389 
76986 82607 127468 151990 88202 108675 112235 111611 123818 69029 87008 100738 90511 94252 125869 94267 153078 148584 140098 92894 99574 110041 112505 108593 162261 82396 138691 51892 141937 99715 176523 139892 122567 159458 47083 61177 91956 100677 123682 133326 80299 127456 141227 124013 73974 102536 114136 148276 76885 122784 
72339 92713 137773 169547 102203 117545 131474 125913 137868 78874 98436 110863 108344 100394 143429 112054 167131 158252 149818 111691 106371 121503 124963 121174 178779 74359 146372 53512 148108 112779 197893 145056 133410 187452 50912 72237 108777 109559 125543 145063 96180 141992 155347 139983 85405 125204 132235 174719 82385 140553 
65267 89653 134073 159464 97280 112482 131667 122656 131869 79511 99481 103966 104452 89935 137210 120293 150013 145963 134251 115007 106329 113343 129432 125828 172695 68187 126234 45638 127705 106811 181043 137110 113127 180058 54010 63939 94182 111727 123984 140420 100057 129611 137974 129931 80443 111943 131854 161227 70523 142977 
